3201209103_207908043_5	1436492358	37234	2550	683080	2702	78.4076810245	0.369712753843
2391369256_211126159_1	1436497846	14260	674	263622	1784	149.862661441	0.45562726127
2943469180_208525830_1	1436485287	41055	3066	957019	1086	55.9666164244	0.276847362539
2397328061_211639452_2	1436516943	5008	483	107939	321	80.9186276048	0.292413563198
2397085464_208127199_1	1436518936	5917	503	147592	228	81.7679738576	0.356625954954
2391316340_208480822_5	1436496921	638	79	57244	227	72.333042751	0.540219139834
2395011840_209525813_3	1436502254	432	21	14093	221	119.412693083	0.265960058417
3000632391_210640904_2	1436484531	1003	50	15106	207	27.822945037	0.248901353569
2390768340_207939215_2	1436480809	1287	204	60166	172	64.9930935657	0.218180852142
3087640028_208042713_1	1436494868	7607	219	49999	158	54.5181578622	0.838148997002
2399064937_222275354_1	1436518845	4775	461	93604	156	54.3374208188	0.261623105117
2391177900_207288492_1	1436482239	3313	575	94776	152	149.296941795	0.409912728977
1059995741_209274231_1	1436480653	6068	132	51737	151	80.7365385923	0.481560783049
2391291880_208454026_1	1436497806	3905	228	88941	150	35.0994045769	0.288645888934
3074685227_210533095_1	1436500828	2151	275	72646	131	110.709310461	0.508861750784
3084974708_206208683_1	1436537531	141	3	1516	130	89.90933	0.31939438
2395362883_208396042_1	1436488889	1145	49	14106	128	101.288711879	0.4970485688
2394184225_207754899_1	1436532429	2069	223	17791	115	95.902911732	0.418857654628
3080433211_208732151_7	1436502559	3432	170	53274	101	69.9816632633	0.492503914925
2398616420_210081645_1	1436495586	347	13	5514	88	0.0	0.0
3087408098_209375615_1	1436497484	4325	509	70207	86	95.9294984463	0.532166327447
3095176529_210044612_1	1436535517	148	27	2121	82	88.6779557055	0.470709758781
3070007852_209824695_2	1436528350	1030	75	15611	80	7.14197285745	0.0374629048267
3084728810_219024751_1	1436491308	3815	150	30889	80	52.6960680602	0.908663549086
2395467720_206511765_2	1436506018	1257	53	20101	79	93.3972555308	0.292949042907
2391110593_207437883_8	1436503539	123	4	2536	78	101.956015959	0.104500745939
3085463039_211169903_6	1436477665	1205	18	6235	78	92.2735	0.7663685
2392137638_213606443_1	1436528031	972	194	188472	76	110.768587002	0.509524379738
2391110593_207437883_5	1436503539	441	86	26983	76	108.561137395	0.186920533528
3098724416_209447650_4	1436518270	219	118	12346	75	91.1361029969	0.564139772379
3085074509_206985924_2	1436487133	4660	234	36846	75	65.7770692363	0.751916213159
2397561943_251396408_2	1436509243	1597	110	20401	73	62.5510163797	0.342678536531
2391376540_207211185_3	1436530917	1755	128	52359	67	68.5601735954	0.312745823085
3099152713_208496131_1	1436488771	1123	157	33208	67	68.8358519269	0.522446977544
2391120135_207704904_2	1436497710	1924	214	59447	67	58.0382399081	0.463761702117
2396267800_208695012_7	1436482899	1726	71	29036	66	65.7287746074	0.46951222875
2391305361_211826288_2	1436528583	65	2	713	64	63.11516	0.08674304
3078685813_208826170_3	1436530403	1926	44	30672	64	62.3188672269	0.142999177834
2391999654_206931795_2	1436485934	147	3	1634	63	92.323875	0.10110701
3099065138_207435745_1	1436538161	2570	104	18905	63	97.8304267297	0.313221134342
3012312072_207557702_2	1436516801	3083	54	19729	59	112.646782082	0.634656863192
2391440201_207144252_2	1436529473	256	12	5482	56	107.705267404	0.343410128857
2390779590_212502795_5	1436508525	561	29	6720	56	130.734498071	0.27917537656
3074355434_208069663_4	1436538571	251	13	3271	55	137.69660347	0.258055855228
3078503914_212106430_8	1436488122	3582	85	57956	54	63.165955	0.63189244
3099100626_215607064_2	1436536189	342	18	8407	52	105.142807444	0.499351088467
3079466236_207265605_3	1436530313	1843	93	33420	51	43.7189866661	0.201446070667
3096275689_209309907_2	1436483942	1958	254	61074	51	93.4095743053	0.492593671793
2398206880_209488529_4	1436520551	180	8	8113	50	73.2357183178	0.603087585996
2394648881_212916555_4	1436530051	299	20	13321	50	97.8222701358	0.271272614305
3084433538_208269254_1	1436506111	199	31	5412	50	105.607531001	0.56243942211
3005076512_208532200_4	1436528519	1533	92	41345	50	36.1765315234	0.267311721857
2394728200_208170910_2	1436498282	597	9	5651	49	91.63388	0.86293817
2393560200_209163412_1	1436503102	1755	15	25414	48	85.6321336474	0.333793456968
2391226589_208394231_3	1436502338	344	12	4763	47	59.683384	0.4432966
2390656540_209292955_3	1436495941	658	19	16534	44	101.209299914	0.400565020944
2396778583_208333876_2	1436509053	302	4	3151	44	88.1102594396	0.165314521146
3014091699_208108993_3	1436498186	68	0	1545	42	0.0	0.0
3097626319_206784844_3	1436500365	284	28	2386	40	98.007416	0.7086689
3073334964_211038225_4	1436457680	655	52	16645	39	92.649240367	0.278641185491
2392646683_206546056_1	1436483252	105	5	2166	37	127.566701327	0.174802004366
2971903240_208324591_1	1436519629	250	49	10483	37	139.085127172	0.322825186201
3090236339_210288321_1	1436458409	303	34	6401	36	65.3436117731	0.311253413196
3011048173_210745329_3	1436528811	888	87	43821	36	74.4496662159	0.388418120696
2391023645_207906246_1	1436498351	702	22	8551	35	49.443423271	0.547409775893
3097572577_209726577_1	1436480574	978	40	23192	35	74.1358736387	0.319556442345
3096002012_210558856_3	1436487007	455	13	9221	34	91.9341452866	0.141612948259
2391493922_208501318_1	1436519266	440	54	19554	33	96.3271781304	0.28404290502
3096263005_208614068_8	1436471851	302	32	8565	33	111.489988234	0.270571500437
3070553681_208323617_7	1436532879	54	3	1005	32	105.830154	0.053699285
2397392620_209708892_2	1436494310	155	6	5095	32	123.792695518	0.127203146277
3086454562_295033809_1	1436510844	465	49	13307	32	132.652093817	0.49380261045
2393474039_209312774_8	1436491031	468	15	5743	31	113.903186725	0.384141206814
2397126780_206568506_1	1436533308	546	201	20705	31	92.0345655093	0.389778443982
3074560871_207351742_4	1436458253	2999	290	40559	31	65.9580782543	0.62894512476
3092494991_209199215_6	1436490840	1912	68	11857	30	75.7997849878	0.563489147835
3014152342_207727664_5	1436490134	168	3	1155	29	105.869473301	0.747539215634
2393060498_208732876_1	1436501101	262	3	1513	28	81.0941759059	0.385281401676
2398595900_207494760_2	1436527833	485	33	9621	28	64.020482007	0.36693454364
3073186608_212975454_1	1436490453	96	5	2179	27	157.990727119	0.173446995355
3078183537_207459664_3	1436486274	74	5	1612	27	184.49232	0.57787484
2394469352_207531073_1	1436488865	1428	90	31929	27	71.8802070953	0.407217627739
3083035496_209218797_1	1436494332	1471	26	10481	26	62.4998253493	0.426431067574
1240574601_238457734_3	1436489175	2366	629	128303	26	7.2726837916	0.0345069523009
2396985412_207467143_1	1436487972	2343	68	32025	26	81.9498946491	0.481450172631
3081083737_209392640_8	1436488375	3438	140	46903	26	61.6472262821	0.665679133718
2391757271_215166481_1	1436518446	330	21	4142	25	78.55487	0.66197556
2393120920_221575931_3	1436519139	1438	70	32674	25	79.5053695385	0.50368195334
2399488152_208300466_1	1436526751	709	8	6625	23	101.40800787	0.436579178214
3013060468_209622025_7	1436490080	105	2	1110	23	91.9933027655	0.327171517808
3096626420_208317760_2	1436538510	68	0	1179	23	175.95233	0.10107949
2395467720_206511765_3	1436506018	469	28	12254	23	43.1149006011	0.145006369652
2393283000_208996154_1	1436481962	61	1	754	22	98.0428	0.39567232
2394428001_209432222_2	1436486252	58	3	1637	22	0.0	0.0
2399524842_207582583_4	1436527606	49	3	1328	22	92.6651898544	0.471746412324
2394759040_208472024_4	1436492948	138	3	5631	22	105.454942632	0.270183645736
2395647480_208484936_1	1436514934	1986	44	22804	21	69.690765	0.7021005
2391305361_211826288_1	1436528583	17	1	637	20	87.72803	0.27450982
2392813240_208852472_5	1436517256	146	2	1865	20	118.825069299	0.183701596082
2399439140_208879440_1	1436526656	193	97	5810	20	105.241451828	0.36956266233
2394869540_416442474_2	1436501272	194	2	1750	20	68.8875270462	0.239871542916
2398343701_208435506_2	1436507775	762	38	22181	20	57.1345074366	0.325575119973
3018534899_209299682_8	1436529224	2455	84	31948	20	82.5851962617	0.585729852522
3001515962_211670549_1	1436500086	113	6	2107	19	101.254234	0.8595565
3095552104_231896026_2	1436504536	329	55	16413	19	173.29200774	0.609847173693
3098818122_207312905_3	1436534654	138	2	1246	19	92.57255592	0.497711288992
3078891734_212142370_1	1436540382	360	22	8055	19	78.30962669	0.46275791763
3091298625_214670293_1	1436515558	363	10	1496	18	71.70458	0.6510927
2393640696_209881309_4	1436497295	167	5	1220	18	97.4070155885	0.597840793453
3092064018_208786305_1	1436500479	145	10	3411	18	107.976699058	0.124287505462
2392426160_207912117_1	1436535230	278	22	6797	18	99.7473115523	0.371388008393
3001046217_207278974_5	1436489919	216	19	5283	18	175.243987997	0.456026268669
3078345271_209779096_1	1436489980	244	18	15942	18	167.558640633	0.149116561341
3098724416_209447650_1	1436518270	842	103	25186	18	145.043349387	0.599106564666
2398423065_206564302_2	1436500934	137	10	2400	18	62.037639046	0.393562631256
3070484616_215380838_2	1436493041	91	3	1167	17	110.915356915	0.349471127348
3078503914_212106430_1	1436488122	439	32	11139	17	163.48793	0.49576315
3079114066_207866158_6	1436506168	56	2	474	17	155.54921	0.11893204
2397390792_210709969_2	1436457612	200	4	2943	17	89.0196865226	0.39805326028
2399202680_207796893_2	1436512200	189	30	5389	17	55.7015441293	0.39163807897
2393100761_207492966_1	1436488775	212	9	3128	16	152.855902368	0.400634367426
3072071272_210593488_1	1436510631	21	0	336	16	86.61909	0.12345679
2397859416_207793124_1	1436510370	1642	91	24257	16	2.89229930692	0.0153110543327
3074219838_207424658_4	1436519386	90	9	3590	16	68.2261618093	0.329790970676
2396274555_207936190_2	1436515354	141	12	2352	16	52.2506843947	0.242742423336
2397536784_210161097_3	1436505189	263	9	5344	16	53.7954785887	0.166576207312
3093142311_210413275_6	1436529846	905	30	24166	16	27.8031874176	0.275744915477
3087863416_209341859_1	1436516164	493	65	7503	16	110.684272354	0.499128652988
2391999654_206931795_4	1436485934	125	3	2281	15	209.0329	0.62023807
2399005249_215143732_2	1436516046	44	0	1099	15	124.68751	0.10621469
3090030630_213243706_1	1436494391	289	16	6360	15	158.3218623	0.319209826923
3090528133_208729313_1	1436457816	12	1	197	15	189.01944	0.23225807
3096184208_210920116_4	1436519259	178	20	7499	15	90.1223487865	0.641207510728
2395514854_207969933_1	1436530805	732	24	14860	15	92.0098844838	0.418967834839
3085059201_228399031_2	1436490948	361	54	18527	15	81.8035995528	0.219269754236
2398278280_374460802_2	1436499822	1819	304	358467	15	97.5255733178	0.721429121957
3006402558_209272009_2	1436530072	29	2	859	15	117.742099557	0.0811648389066
2392340303_207950419_1	1436517433	85	5	1557	14	54.153493933	0.501547681417
2396927072_207987589_3	1436512131	105	8	1895	14	71.5271726426	0.461927173339
2394474840_209155359_3	1436497821	300	10	4180	14	63.6551307246	0.41778023131
2399077560_213184703_3	1436508410	674	51	9364	14	24.4489106987	0.205595082212
3078621161_207129205_2	1436491267	479	3	14506	14	0.0	0.0
2390353075_220498194_2	1436529435	373	21	8890	14	55.35407948	0.476323602637
2394507619_209103477_1	1436537064	18	0	330	13	102.623254412	0.08585973
3096555000_207623897_1	1436491192	131	8	2955	13	0.0	0.0
2397238841_207927464_2	1436536340	217	9	3217	13	78.9257326311	0.152494578128
3078503914_212106430_7	1436488122	458	25	9034	13	57.5878931299	0.47287898699
2392593420_208834516_2	1436488575	54	26	16844	13	31.0281587302	0.650985524981
2399457161_216900777_2	1436511091	437	30	11985	13	64.7594786971	0.62185226175
2390435301_213036515_2	1436498396	61	2	765	12	0.0	0.0
2392010600_207666587_5	1436528908	673	23	10970	12	0.0	0.0
2392170467_222020620_5	1436485324	12	0	812	12	81.77292	0.21686748
2395011840_209525813_4	1436502254	487	69	19602	12	62.194923	0.36455902
2397297840_208417006_1	1436500443	128	2	2576	12	173.69565	0.113216266
3017176332_212483943_1	1436504887	43	1	1038	12	0.0	0.0
3079450220_210799295_3	1436457874	212	40	9959	12	74.386925	0.31268933
3229002970_206928596_1	1436488022	435	16	3603	12	141.52394	0.5363129
97000_207792025_1	1436500910	292	10	6220	12	81.8526160974	0.273654624396
3006318721_208411999_2	1436528522	99	12	3648	12	100.392344185	0.593103138964
3070716867_208762318_2	1436543138	47	55	1634	12	42.8098952379	0.266914885118
3086079115_209054159_3	1436457654	401	37	8232	12	38.5022571525	0.650086591359
2398235071_208654677_3	1436504880	998	46	13751	12	0.0	0.0
2393922844_215589264_2	1436462658	128	8	2244	12	89.7138848513	0.382150324176
2391046542_210018670_3	1436487179	588	62	13951	12	98.4763555162	0.380285889503
2394578305_211090529_1	1436534437	87	3	1799	11	86.3979013997	0.146764895522
2396644203_212416462_2	1436520187	536	47	22900	11	121.532486	0.5525313
3082380935_207730327_3	1436480243	153	24	887	11	65.92082	0.4152652
3087089267_207098226_2	1436493011	9	0	315	11	244.498826025	0.218605457362
3099350935_209162326_1	1436540021	115	8	8108	11	149.05873611	0.373456119099
2391481941_208090861_1	1436487449	92	14	4705	11	175.525336592	0.206573097742
2395850163_206406621_1	1436513215	164	11	3706	11	68.3877728717	0.403129028638
3073449889_209473893_1	1436520067	94	10	1320	11	83.1491661952	0.225989485792
2390230248_207264526_2	1436509299	539	21	15384	11	62.0478131502	0.480343567647
2392871940_210691245_1	1436501783	202	6	4662	11	113.467512436	0.521188225868
1055221861_208085947_1	1436529430	124	95	24875	11	85.9112216427	0.266574272914
3097642028_224706835_2	1436491877	10	1	306	11	64.0756352667	0.408732028315
3098260700_208175971_1	1436518286	609	310	37336	11	30.2909186854	0.382439041375
2392933160_210766614_2	1436497264	56	6	3823	10	101.393885493	0.605840396817
2395042601_209725773_1	1436529108	1364	170	10753	10	125.485619891	0.504710476948
3070553681_208323617_6	1436532879	48	0	996	10	179.05954	0.084269665
3078115028_208029075_1	1436531228	165	14	4598	10	48.4788052221	0.625047325366
3095771626_208801415_2	1436499789	2087	85	27752	10	0.0	0.0
3091388916_207171547_3	1436519703	39	2	633	10	58.6224589875	0.212223067645
3099051432_207992375_3	1436516460	29	2	722	10	94.4797241116	0.514228820774
3086195001_209257912_1	1436490730	343	19	5014	10	57.6265619635	0.284363175255
3001392811_206398816_1	1436497196	274	29	8620	10	53.846076348	0.621306246009
2393423120_208183910_2	1436506497	1518	54	21314	10	20.6188738509	0.154377446946
3089318700_208320002_1	1436495210	401	62	12589	10	93.7872441464	0.326755203568
3014615083_209281017_1	1436501787	213	4	3805	10	59.7340064483	0.174199970979
3073027712_208012162_3	1436495709	213	62	6337	10	51.764241237	0.453681402432
3081921008_209942954_2	1436531509	196	27	11258	10	99.5609237754	0.188060489198
3084327304_207393278_2	1436529380	269	25	9116	10	62.2967674312	0.39227335647
2395889822_211999124_1	1436505712	332	2	6388	10	27.5104274264	0.0637055485296
2390371373_210056375_4	1436502767	9	2	358	9	57.629337	0.7694704
2391363303_207728410_3	1436520820	262	17	9883	9	67.9307245998	0.810156528153
2395011840_209525813_1	1436502254	171	26	26494	9	172.3941	0.30673438
2395782677_210761862_3	1436532657	244	5	2267	9	60.10587	0.6575743
2397378020_207475573_4	1436528611	35	7	1648	9	86.6521233172	0.284267103178
2398206880_209488529_8	1436520551	33	6	8026	9	63.198895	0.6613869
2399172529_211816051_1	1436494583	78	5	986	9	66.5394539253	0.323608007764
3005185490_209683468_5	1436459112	92	0	984	9	103.669772817	0.157317346765
3017153411_207161509_3	1436510609	8	0	100	9	0.0	0.0
3070553681_208323617_5	1436532879	42	1	833	9	170.94432	0.059310343
3072145228_208320967_1	1436531134	330	31	8523	9	0.0	0.0
3075925114_208696795_3	1436508883	26	1	661	9	82.74871	0.76632303
3080320503_207071682_3	1436517617	62	6	777	9	120.692835569	0.532274201521
3082016632_208150542_1	1436497438	21	3	982	9	90.1480175908	0.631773249367
3088313660_207373880_1	1436499157	25	1	520	9	71.43906	0.5074946
3200263440_208283189_1	1436496616	18	0	176	9	79.12435	0.49673203
3200432971_209421980_1	1436504776	28	4	665	9	161.8133	0.40186915
2391497292_212451659_5	1436487101	357	3	3365	9	44.457531912	0.237852010406
3008404654_207043472_2	1436513415	196	32	1728	9	127.183114728	0.487749432554
2390241780_207671379_1	1436459434	657	21	17715	9	12.7975784305	0.064791451411
2396385001_209930887_1	1436534724	289	62	11874	9	56.9248122913	0.660077053423
2398611265_401141981_1	1436534045	46	2	624	9	92.5344588597	0.418357003843
3098263812_220095472_4	1436526690	123	2	1503	9	48.9582108386	0.20645782507
3091684606_210311220_2	1436494731	138	5	3671	9	118.499784013	0.584035567015
2394019737_207886168_6	1436487089	602	42	13263	9	85.8934492576	0.302896311131
2395354544_209437947_2	1436526782	463	42	7796	9	73.9522826224	0.404503995748
3071983569_207878029_1	1436459386	1569	144	24872	9	177.271806235	0.354886717365
3073221817_209000058_1	1436517610	115	11	5968	9	71.6345039676	0.72932519001
3076734139_209773455_5	1436517950	470	542	24220	9	26.4832663627	0.292811774276
3097712707_208238705_2	1436519763	48	7	3136	9	69.1687556073	0.23631325076
2391153766_206927915_4	1436533451	7	0	657	8	65.02973	0.34666666
2393060498_208732876_4	1436501101	37	1	327	8	141.61617	0.52272725
2393314480_209150507_1	1436486442	127	20	26099	8	114.38888559	0.682125367438
2393916520_209931966_4	1436516363	39	2	1654	8	107.325134	0.70020396
2398957513_210154287_1	1436528864	100	0	962	8	70.71558	0.312212
3005659744_206827915_1	1436458854	29	3	335	8	132.24936	0.48405796
3018102869_214317381_1	1436519587	949	9	12324	8	0.0	0.0
3079466236_207265605_2	1436530313	28	4	640	8	43.746967	0.42611682
3083339824_208960047_5	1436527450	64	3	1733	8	74.45718	0.21473952
3087966231_213518634_2	1436487467	6	1	154	8	265.54343	0.6307054
3091388916_207171547_2	1436519703	9	0	170	8	69.03927	0.007352941
3093029016_211726768_2	1436517129	43	6	3268	8	1.57107940293	0.0174387869198
3094343609_209673434_1	1436497327	32	0	593	8	91.55336	0.5700576
3095552104_231896026_3	1436504536	129	28	19062	8	68.244312105	0.571054058108
3099152713_208496131_5	1436488771	24	4	2202	8	76.11417	0.6195373
2391901871_209182817_1	1436500899	15	2	428	8	72.3834206132	0.559884049401
2394407202_223224225_3	1436486984	97	1	934	8	95.0471777038	0.26524468271
3012485168_208056580_1	1436530581	26	1	297	8	0.0	0.0
2393100761_207492966_4	1436488775	30	6	565	8	75.9491709295	0.129667583623
3071035818_207930909_1	1436493002	532	9	11593	8	0.0	0.0
2393100761_207492966_2	1436488775	42	5	785	8	121.746404884	0.163168595988
3091684606_210311220_1	1436494731	833	19	14766	8	81.3900895408	0.492437799963
2392011030_206769000_1	1436541487	371	21	4916	8	15.716574135	0.074725922918
3084939329_207334169_4	1436538094	182	14	3345	8	82.7522297613	0.463308677074
2390299640_206594396_2	1436499721	20	1	271	7	65.75776	0.37903225
2390457317_207607806_2	1436530355	27	4	1349	7	76.83946	0.5461285
2390885014_209089065_1	1436500121	18	4	443	7	106.11196	0.5768262
2391030101_209378357_2	1436516402	47	15	1028	7	58.8275839932	0.390650827684
2391855180_208222460_1	1436497550	4815	236	95463	7	61.36235	0.924355
2393038837_230683767_1	1436503787	49	2	1042	7	124.1879	0.46604216
2394304221_207486063_1	1436527320	348	9	3796	7	69.7811436695	0.441929468763
2397378020_207475573_2	1436528611	54	8	2058	7	111.822495	0.5571045
2399254315_207207441_1	1436506035	280	8	4377	7	73.08706	0.2581067
2399610441_209281910_3	1436513669	25	1	527	7	99.8810365799	0.373064142416
3009062470_208213829_4	1436529037	18	3	284	7	182.41602	0.46370968
3017517522_206912657_1	1436482938	41	2	395	7	123.884315	0.50491804
3071030488_214933293_5	1436501353	302	16	8849	7	86.4572746683	0.652880317945
3074315822_211916814_7	1436527022	400	7	21043	7	0.0	0.0
3085272313_209986653_1	1436515449	1381	37	15367	7	69.6535924708	0.664016743631
3087966231_213518634_5	1436487467	7	0	177	7	168.08646	0.6666667
3093941085_209510650_1	1436499482	40	4	503	7	68.8980304902	0.310711779216
3094040406_210109105_1	1436483294	76	12	804	7	92.3272346296	0.495628439651
3099152713_208496131_2	1436488771	36	7	2471	7	104.318876505	0.255578894862
2395514854_207969933_3	1436530805	179	34	9671	7	115.400294344	0.340239122399
2399510829_216292641_6	1436525078	141	3	2903	7	0.0	0.0
2399913282_209954801_7	1436525571	132	16	9106	7	67.0842326938	0.876661669348
3077326624_209164162_1	1436512687	29	0	1197	7	78.8919848399	0.409747996967
3099135275_210120302_3	1436511293	156	5	6968	7	73.5931531199	0.540851291738
2394113807_210288146_3	1436504341	87	8	2995	7	41.7401066158	0.0790024045341
2392898286_208570621_1	1436503083	3625	48	27938	7	0.0	0.0
2395380887_208260316_6	1436492239	68	8	958	7	152.967756895	0.461932411352
2398447980_207564497_2	1436488034	386	22	6817	7	80.6072041725	0.353388966775
2399085486_208362465_1	1436486689	21	5	5854	7	31.53901893	0.465778163142
3082851608_206906689_4	1436484571	55	16	2116	7	52.185476658	0.355641900995
3084311766_207095956_4	1436531562	539	19	8691	7	65.8609400986	0.668181739658
3088571537_206590412_1	1436495375	419	14	10286	7	70.0133733655	0.451558945125
2111114061_208686137_4	1436489605	170	23	16499	7	80.0373404895	0.251662698417
2393237292_209853259_1	1436541133	141	2	2280	7	55.7074408851	0.387635575334
3002180134_207774247_1	1436531142	108	2	1105	7	25.2054704403	0.339075758365
3080334016_207559919_1	1436496898	84	4	1570	7	76.90553934	0.294961337556
3083102234_208465967_1	1436495975	558	108	9954	7	69.0798821806	0.409427249733
2393941194_215710731_2	1436517871	93	14	3131	7	76.4263612304	0.434126927779
2390275775_208935414_3	1436515416	41	0	306	6	61.787197	0.50545454
2391493922_208501318_5	1436519266	125	8	5780	6	83.59221	0.22962964
2392398600_207534271_1	1436489939	7	1	210	6	77.348595	0.7586207
2392398600_207534271_2	1436489939	2	0	130	6	66.37821	0.7832168
2394062915_207261436_1	1436511816	3956	43	54619	6	80.8254937231	0.489385253139
2394583604_206868064_8	1436494901	12	2	154	6	40.777237	0.5314685
2395161335_207927347_1	1436516565	77	6	1060	6	75.59789	0.39006343
2395704557_207623243_4	1436504731	25	1	550	6	152.151198934	0.491792650089
2398932461_209474119_6	1436528768	49	11	2493	6	99.12594	0.57563937
2398957513_210154287_4	1436528864	33	0	287	6	58.9463952604	0.274883804662
2399009540_210060492_3	1436528469	290	49	10716	6	74.40681	0.7898022
2399047885_207107451_1	1436520354	27	4	742	6	158.38655	0.34724292
2399841241_206932036_6	1436518298	63	2	1119	6	124.163284	0.5663532
3013112408_212568840_1	1436517662	737	45	7212	6	96.1195453705	0.846540907692
3017176332_212483943_2	1436504887	38	1	807	6	0.0	0.0
