3881119269506600
3881119282095657
3881119260810799
3881119286292018
3881119281798709
3881119122279995
3881119269204928
3881119306982978
3881119302549060
3881119252719176
3881119302288975
3881119285995088
3881119096860242
3881119303155285
3881119118773849
3881119265390170
3881119285995100
3881119097437793
3881119260810851
3881119277979243
3881119256997485
3881119298588271
3881119302784624
3881119302289010
3881119307011700
3881119307351670
3881119248604794
3881119260575355
3881119306983038
3881119248522879
3881119298619009
3881119269205635
3881119265009293
3881119118081678
3881119118081679
3881119306983056
3881119281563288
3881119286369945
3881119265007259
3881119118081692
3881119298619039
3881119307351717
3881119101056912
3881119281561261
3881119101056692
3881119122278069
3881119101988535
3881119248217784
3881119307011770
3881119106184893
3881119302289086
3881119302815425
3881119302815427
3881119268970181
3881119268970182
3881119269207752
3881119281796809
3881119281798861
3881119101056718
3881119106184912
3881119298959061
3881119298619097
3881119118081754
3881119097091803
3881119256377054
3881119252416068
3881119298588385
3881119122280165
3881119248219881
3881119307011818
3881119281796843
3881119101633777
3881119260575471
3881119101057608
3881119298959097
3881119101290398
3881119101290250
3881119260811022
3881119247984399
3881119307011857
3881119282173714
3881119260811027
3881119298588437
3881119307351830
3881119096860443
3881119285995292
3881119281563423
3881119101988641
3881119281563426
3881119097792152
3881119281797030
3881119265390388
3881119302549311
3881119122280259
3881119298353749
3881119122618189
3881119265308503
3881119097792346
3881119302784860
3881119252416353
3881119248605027
3881119117848424
3881119268972395
3881119265008179
3881119122046835
3881119302289269
3881119281561467
3881119260811141
3881119244022217
3881119248522508
3881119264773178
3881119307011990
3881119302784920
3881119298588569
3881119302784923
3881119122044830
3881119285761958
3881119248523456
3881119097438125
3881119298619310
3881119302784949
3881119096860615
3881119298588600
3881119247984571
3881119248220092
3881119256612798
3881119096860611
3881119248218730
3881119269205959
3881119252801480
3881119101989483
3881119285997517
3881119244022721
3881119286370257
3881119311179730
3881119101059028
3881119114223574
3881119118421976
3881119298959330
3881119252719588
3881119265007590
3881119097092077
3881119298959346
3881119118421618
3881119269206005
3881119264772086
3881119285995512
3881119281799172
3881119118080007
3881119244023072
3881119298959379
3881119282094100
3881119256997915
3881119273701420
3881119298353200
3881119302287411
3881119122278354
3881119265308286
3881119269205631
3881119298588745
3881119122278476
3881119248218192
3881119273781331
3881119286292565
3881119294762968
3881119306983513
3881119105487491
3881119306983516
3881119307012190
3881119248220260
3881119306483813
3881119117848678
3881119264774248
3881119268970601
3881119248605290
3881119097094253
3881119122278512
3881119117848692
3881119282174073
3881119285760126
3881119248523392
3881119285760129
3881119264772230
3881119244021895
3881119248218248
3881119298351241
3881119260575886
3881119281797264
3881119286370606
3881119096860819
3881119294763157
3881119306483862
3881119286290584
3881119265007769
3881119306483867
3881119256613021
3881119101057187
3881119097438373
3881119273781414
3881119097438376
3881119306981553
3881119306981557
3881119248220342
3881119281797306
3881119307352252
3881119101057213
3881119252416703
3881119126476316
3881119298588867
3881119122045125
3881119256613064
3881119269206217
3881119244409037
3881119282094294
3881119252181656
3881119298586843
3881119265009886
3881119248521966
3881119097436351
3881119101290726
3881119114223847
3881119252416498
3881119096860930
3881119298588935
3881119097094411
3881119269585167
3881119256377616
3881119298586900
3881119247982871
3881119101289884
3881119114578202
3881119097093454
3881119248218400
3881119298353447
3881119298353449
3881119298588970
3881119261112621
3881119285995822
3881119096860978
3881119248523571
3881119307012406
3881119252416824
3881119105253692
3881119298619712
3881119298619713
3881119117848898
3881119117848899
3881119097438532
3881119101056422
3881119247982918
3881119302816084
3881119298351448
3881119260576771
3881119101290847
3881119097436515
3881119306484232
3881119122280806
3881119101633200
3881119244022129
3881119252801543
3881119302816115
3881119286290810
3881119307012477
3881119281564032
3881119101056693
3881119285760397
3881119118080398
3881119306983823
3881119122618768
3881119252181400
3881119298353561
3881119096861084
3881119281799584
3881119261192610
3881119298587045
3881119122278823
3881119286370728
3881119256996270
3881119247985071
3881119247985075
3881119248604178
3881119248218813
3881119097092543
3881119298587079
3881119260809672
3881119307352521
3881119265010124
3881119286370765
3881119118420431
3881119302816210
3881119122278869
3881119268970968
3881119117849049
3881119281796803
3881119286370783
3881119306486245
3881119118082534
3881119101290984
3881119101291547
3881119286370800
3881119298587122
3881119298959866
3881119101057531
3881119281564156
3881119261112829
3881119269586719
3881119302816264
3881119306983945
3881119118420492
3881119306981901
3881119268970572
3881119101635087
3881119097436688
3881119298587154
3881119298589203
3881119307012628
3881119285760537
3881119285760538
3881119122278942
3881119118082594
3881119244326052
3881119265010218
3881119260811822
3881119298587187
3881119281562165
3881119264772663
3881119281562168
3881119118774844
3881119252181568
3881119265309250
3881119105253958
3881119265309256
3881119117849163
3881119265308033
3881119118080591
3881119256996432
3881119101291090
3881119302785619
3881119298587221
3881119256996438
3881119298587223
3881119268971096
3881119269205304
3881119248219865
3881119256996456
3881119281562217
3881119252417243
3881119281562219
3881119101291116
3881119096861295
3881119298959984
3881119298620023
3881119302785657
3881119298351739
3881119117849214
3881119269204608
3881119105487490
3881119306982019
3881119097792224
3881119118774923
3881119286291085
3881119122279055
3881119252417176
3881119097094809
3881119298353822
3881119286291103
3881119307352737
3881119256997263
3881119252800164
3881119096861350
3881119273781648
3881119281799856
3881119281799859
3881119306484406
3881119307012792
3881119298351802
3881119122617019
3881119281797221
3881119303156414
3881119302816452
3881119097436883
3881119285996244
3881119281562331
3881119298353884
3881119114578654
3881119252415199
3881119302816487
3881119302785768
3881119265389289
3881119252179691
3881119252179694
3881119303156464
3881119256996594
3881119306484471
3881119118775035
3881119281563038
3881119306982141
3881119256996609
3881119302785795
3881119101633610
3881119126475525
3881119118420742
3881119105254151
3881119244022539
3881119281564429
3881119298618126
3881119285760784
3881119306982135
3881119302816532
3881119298589465
3881119298960158
3881119286291232
3881119101290008
3881119298587429
3881119298589479
3881119252179753
3881119302288172
3881119302785837
3881119269204783
3881119118775090
3881119298353972
3881119117847350
3881119261112744
3881119306484537
3881119252181818
3881119122045763
3881119286291272
3881119298587467
3881119306984269
3881119286371156
3881119256914773
3881119252182104
3881119101989635
3881119118420828
3881119247984729
3881119306982241
3881119269505894
3881119114578793
3881119298587501
3881119269585780
3881119256996727
3881119097095032
3881119101633402
3881119298589569
3881119281564546
3881119298354055
3881119298618252
3881119298589586
3881119298587539
3881119306484628
3881119285758869
3881119260810137
3881119285996442
3881119285760925
3881119105829791
3881119256996768
3881119260812195
3881119101291429
3881119303155813
3881119265389481
3881119118082988
3881119256996781
3881119298618286
3881119247983537
3881119252718514
3881119298354101
3881119244407734
3881119097095096
3881119101292649
3881119264773055
3881119114576832
3881119282174913
3881119298960323
3881119252719381
3881119281798088
3881119285994449
3881119260810196
3881119126475733
3881119252718550
3881119286371288
3881119244407770
3881119281798107
3881119101055967
3881119118773216
3881119122043873
3881119117847663
3881119285758949
3881119268971501
3881119097095150
3881119281562607
3881119306982386
3881119306982389
3881119252179959
3881119269506042
3881119298353609
3881119122278516
3881119122971650
3881119298618371
3881119260810244
3881119101058053
3881119122971655
3881119101987998
3881119126242183
3881119101633561
3881119101633563
3881119101291549
3881119122045983
3881119101056032
3881119282094885
3881119101289517
3881119306984496
3881119302816826
3881119306486849
3881119298587714
3881119302786117
3881119303156181
3881119269207114
3881119264773195
3881119285759053
3881119302816849
3881119122971731
3881119097791800
3881119118081111
3881119118081112
3881119252800601
3881119118081117
3881119302548577
3881119302288495
3881119306982512
3881119302288497
3881119101056116
3881119252718709
3881119122044036
3881119286371461
3881119302786187
3881119281562764
3881119122046093
3881119302288526
3881119260810385
3881119114577045
3881119281798294
3881119286371480
3881119303154843
3881119101289629
3881119285994654
3881119298587809
3881119117845666
3881119256915108
3881119260810405
3881119298352297
3881119248522421
3881119122969782
3881119118421176
3881119117845689
3881119302784186
3881119265389756
3881119122279613
3881119302814912
3881119302816966
3881119302786254
3881119298618581
3881119252800726
3881119307351255
3881119097093339
3881119114577124
3881119260576997
3881119285759209
3881119252417771
3881119306487020
3881119114222831
3881119282175217
3881119302814963
3881119244021917
3881119097093370
3881119302548732
3881119265307906
3881119306982662
3881119302288652
3881119298587921
3881119269504845
3881119282175256
3881119286291740
3881119269506333
3881119302784288
3881119302786337
3881119303154983
3881119302288684
3881119252182317
3881119127166254
3881119302817077
3881119101291830
3881119302784312
3881119244023098
3881119244325517
3881119101633855
3881119122277696
3881119306487108
3881119265390329
3881119118773578
3881119122046285
3881119281798478
3881119248220309
3881119248219479
3881119286371675
3881119281798496
3881119097791843
3881119097791845
3881119302288745
3881119244023151
3881119281798515
3881119248219510
3881119122277751
3881119122277752
3881119260810617
3881119298958715
3881119306982780
3881119265009024
3881119269207425
3881119286371714
3881119306485941
3881119306485135
3881119244023308
3881119248604562
3881119256996782
3881119286291863
3881119286291867
3881119294762396
3881119286291869
3881119302784414
3881119268969887
3881119118421409
3881119101988259
3881119252719014
3881119286291881
3881119269205420
3881119269586349
3881119286291888
3881119248522673
3881119248522676
3881119097791926
3881119097791927
3881119122044346
3881119252800962
3881119311179203
3881119298588102
3881119122044096
3881119298618834
3881119307011541
3881119265308118
3881119265307948
3881119285759448
3881119118419421
3881119118419423
3881119101058528
3881119306982882
3881119286370842
3881119256915142
3881119269205486
3881119303155184
3881119265009145
3881119101056509
3881119307013631
3881119281798660
3881119281796981
3881119101058569
3881119298618892
3881119306485264
3881119101290002
3881119302549012
3881119114223125
3881119307351576
3881119306982937
3881119122969806
3881119122277917
