0	0	0	0	0	15	0	0	2	1	0	0	0	0	1	0	3	1	1	0	0	0	1	0	1	0	0	0	2	5	0	0	42	6	1	6	0	0	3	0	0	0	0	2	7	0	0	
0	0	0	0	0	22	0	0	5	1	0	0	0	0	2	0	2	11	0	1	0	0	1	0	0	0	0	0	0	2	0	0	39	1	3	0	6	2	1	0	0	0	0	0	1	0	0	
0	0	0	0	2	27	0	0	1	3	0	1	0	0	1	0	0	8	3	2	0	1	7	0	4	3	0	1	1	0	0	0	19	1	3	0	9	2	0	0	0	0	0	0	1	0	0	
0	0	0	0	1	27	0	0	1	5	0	1	0	0	2	0	2	5	0	0	0	0	1	2	1	0	0	0	0	1	0	0	48	0	1	0	1	1	0	0	0	0	0	0	0	0	0	
0	0	0	0	0	25	0	0	1	2	0	6	0	0	3	0	0	1	0	1	0	0	9	0	0	8	0	0	1	0	2	1	32	1	0	0	3	3	1	0	0	0	0	0	0	0	0	
0	0	0	2	0	8	0	0	1	3	0	0	0	1	2	0	3	3	2	0	0	0	3	0	1	0	1	0	0	0	0	0	26	19	2	1	4	1	0	0	0	0	0	6	11	0	0	
0	0	0	1	0	24	0	0	3	0	0	1	0	0	5	0	0	8	1	1	0	0	5	0	1	0	0	1	0	1	0	0	23	8	2	2	4	2	1	0	0	0	0	2	4	0	0	
0	0	0	0	0	29	0	0	4	3	0	0	0	0	2	0	0	7	0	0	0	0	10	1	1	2	0	0	0	0	2	0	32	0	0	0	3	1	0	0	0	0	0	1	2	0	0	
0	0	0	2	1	35	0	0	0	2	0	2	0	0	0	1	0	14	1	2	0	0	9	1	2	3	0	0	0	2	0	0	16	0	2	0	2	0	2	0	0	0	0	1	0	0	0	
0	0	0	3	0	8	0	0	3	3	0	0	0	0	1	0	0	2	3	0	0	0	2	0	0	0	0	0	1	1	0	0	39	1	0	1	1	0	4	0	0	0	0	3	23	1	0	
0	0	0	0	0	12	4	0	1	0	0	0	0	0	6	0	1	1	4	1	0	0	0	0	0	0	0	0	0	4	0	0	41	0	2	1	4	2	1	4	0	0	0	5	6	0	0	
0	0	0	2	0	25	0	0	4	4	0	1	0	0	3	0	1	9	2	0	0	0	0	0	1	0	0	0	1	0	0	1	38	0	2	0	2	2	0	0	0	0	0	0	2	0	0	
0	0	1	0	1	37	0	0	4	4	0	2	0	1	1	1	2	8	0	1	0	0	7	0	2	3	0	0	0	0	0	0	14	0	1	0	3	0	7	0	0	0	0	0	0	0	0	
0	0	1	0	2	25	1	0	0	0	0	4	0	0	1	0	0	15	1	2	0	0	8	2	6	4	1	0	1	1	0	0	14	0	2	0	4	0	2	1	0	0	0	1	1	0	0	
0	0	0	1	1	34	0	0	1	0	0	0	0	0	2	0	0	12	2	1	0	0	9	0	1	6	0	0	0	1	0	0	23	0	0	0	5	0	0	0	0	0	0	1	0	0	0	
0	0	0	0	0	22	4	0	0	1	0	0	0	0	0	0	1	2	1	0	0	0	1	1	0	5	0	0	0	3	3	0	37	2	1	1	1	0	0	2	0	0	0	8	4	0	0	
0	0	0	0	0	6	4	0	1	6	0	0	0	0	8	0	0	1	3	0	0	0	0	0	1	0	0	0	0	5	0	0	30	7	1	1	0	0	3	0	0	0	0	0	23	0	0	
0	0	0	2	0	32	0	0	4	2	0	0	0	0	0	0	1	5	0	6	0	0	4	0	0	4	0	0	0	2	1	0	29	0	0	1	5	0	0	0	0	0	0	1	1	0	0	
0	0	1	0	0	27	0	0	2	2	0	0	0	0	0	0	0	9	1	2	0	0	7	0	1	1	0	1	1	4	1	0	32	1	2	0	3	0	1	0	0	0	0	1	0	0	0	
0	0	1	0	0	29	0	0	4	0	0	0	0	0	5	0	1	7	3	2	0	0	6	1	0	0	0	0	0	3	0	0	27	0	1	0	5	2	2	0	0	0	0	0	1	0	0	
0	0	0	1	1	25	0	0	5	0	0	0	0	0	3	0	1	5	2	0	0	0	7	0	1	4	0	0	0	0	1	0	26	2	1	1	7	1	5	0	0	0	0	0	1	0	0	
0	0	1	0	0	34	0	0	5	2	0	0	0	0	2	1	0	5	6	1	0	0	9	0	0	1	0	1	0	1	0	0	23	0	2	0	5	1	0	0	0	0	0	0	0	0	0	
0	0	1	0	0	28	0	0	5	0	0	1	0	0	3	0	2	6	3	3	0	1	7	0	1	0	0	0	0	1	0	0	25	1	1	0	10	0	0	0	0	1	0	0	0	0	0	
0	1	0	1	1	32	0	0	1	1	0	1	0	0	3	1	0	10	6	1	0	0	7	0	0	0	0	0	0	1	0	0	27	0	3	0	1	0	1	0	0	0	0	0	1	0	0	
0	0	0	0	2	21	2	0	3	3	0	2	0	3	1	1	0	4	0	1	0	0	1	1	0	2	0	0	0	0	2	1	34	4	0	0	3	2	5	1	0	0	0	0	0	0	1	
0	0	2	1	2	29	0	0	1	2	0	1	0	0	1	1	1	9	2	0	0	0	7	0	0	5	0	0	1	2	1	0	25	0	0	0	3	0	3	0	0	0	0	1	0	0	0	
0	0	2	0	1	20	0	0	3	0	0	1	0	0	1	0	0	8	0	2	0	0	7	0	0	0	0	0	0	3	0	0	34	2	1	2	7	2	1	0	0	0	0	0	3	0	0	
0	0	0	0	1	16	1	0	1	0	0	1	0	0	4	0	0	5	0	3	0	0	10	0	0	0	0	0	0	12	0	0	18	13	0	1	6	1	1	1	0	0	0	3	2	0	0	
0	0	0	2	3	31	0	0	2	1	0	0	0	0	1	1	1	8	1	1	0	0	8	0	0	0	0	0	0	0	0	0	28	0	2	0	5	2	2	0	0	0	0	0	1	0	0	
0	0	0	0	1	10	0	0	1	3	0	1	0	0	3	0	0	7	7	0	0	0	1	0	0	1	0	0	1	0	1	0	43	0	1	1	2	0	3	0	0	0	0	0	13	0	0	
0	1	0	0	1	35	0	0	3	2	0	0	0	0	2	1	0	12	0	3	0	0	3	1	0	2	0	0	0	9	0	0	18	0	0	0	6	0	1	0	0	0	0	0	0	0	0	
0	0	0	2	0	24	0	0	5	1	0	0	0	0	6	0	1	4	3	0	0	0	4	1	0	0	0	0	0	1	0	0	41	1	0	0	3	0	1	0	0	0	0	1	1	0	0	
0	0	0	0	2	26	1	0	3	0	0	0	0	0	3	1	0	7	1	1	0	0	2	2	2	1	0	0	0	1	0	0	32	3	1	2	4	1	0	0	0	1	0	2	1	0	0	
0	0	0	0	0	12	4	0	1	0	0	0	0	0	6	0	1	1	4	1	0	0	0	0	0	0	0	0	1	3	0	0	41	0	2	1	4	2	1	4	0	0	0	5	6	0	0	
0	0	0	2	0	19	0	0	1	1	0	0	0	0	3	0	0	1	1	0	0	0	2	0	0	0	0	0	1	3	0	0	65	0	0	0	0	0	0	0	0	0	0	0	1	0	0	
0	0	0	0	1	23	1	0	4	0	0	0	0	0	0	1	1	9	1	0	0	0	1	0	0	8	0	0	0	2	1	0	36	2	0	0	1	3	0	1	0	2	0	2	0	0	0	
0	0	0	0	3	36	0	0	3	0	0	0	0	0	4	0	0	5	0	1	0	0	4	0	0	2	0	0	0	2	3	0	25	0	2	0	5	1	2	0	0	0	0	1	1	0	0	
0	0	1	0	1	16	0	0	8	0	0	0	0	0	1	0	2	3	1	0	0	0	1	0	0	0	0	0	0	0	1	0	38	24	2	1	0	0	0	0	0	0	0	0	0	0	0	
0	0	0	0	0	23	0	0	1	1	0	0	0	0	0	0	2	5	3	0	0	0	3	0	0	1	1	0	2	5	0	0	37	4	1	1	7	1	0	0	0	1	0	0	1	0	0	
0	0	0	0	0	16	1	0	0	8	0	0	0	0	2	0	1	6	1	0	0	0	3	1	2	2	0	0	3	0	0	0	42	0	0	1	1	1	5	1	0	0	0	0	3	0	0	
0	0	1	0	0	13	0	0	1	3	0	0	0	0	4	0	2	2	2	0	0	0	3	1	1	1	0	0	0	2	0	0	34	6	0	0	5	1	4	0	0	1	0	11	2	0	0	
0	0	0	6	0	17	0	0	2	1	0	0	0	0	3	0	2	1	1	1	0	0	2	1	0	0	0	0	0	6	0	0	43	9	4	0	0	0	0	0	0	0	0	1	0	0	0	
0	1	1	3	0	25	0	0	0	3	0	0	0	1	3	0	0	5	4	2	0	0	4	1	4	2	0	0	2	4	0	0	21	0	4	1	6	0	2	0	0	0	0	0	1	0	0	
0	0	0	0	1	17	2	0	1	0	0	2	0	0	3	0	0	5	5	2	0	0	15	0	0	1	0	0	0	1	1	0	26	0	0	0	10	2	1	2	0	1	0	0	2	0	0	
0	0	1	1	0	31	0	0	3	2	0	0	0	0	0	0	1	3	1	0	0	0	2	0	2	1	0	1	1	3	2	0	40	2	0	1	1	0	0	0	0	0	0	0	1	0	0	
0	0	0	1	0	27	0	0	5	3	0	0	0	0	1	0	0	5	0	1	0	0	11	1	1	13	0	0	1	1	3	0	17	0	0	0	4	1	2	0	0	0	0	1	1	0	0	
0	0	0	1	0	26	0	0	3	0	0	0	0	0	3	0	2	9	2	0	0	0	4	0	0	0	0	0	0	1	0	0	17	18	2	0	10	2	0	0	0	0	0	0	0	0	0	
0	0	0	1	0	24	0	0	2	0	0	0	0	0	2	1	0	8	6	3	0	0	9	0	1	0	0	0	0	3	0	0	22	2	1	1	7	1	4	0	0	0	0	0	2	0	0	
0	0	1	0	0	23	0	0	7	1	0	0	0	0	1	0	0	2	0	4	0	0	0	0	0	0	0	0	0	6	0	0	45	1	2	0	4	1	0	0	0	0	0	0	2	0	0	
1	0	0	1	0	17	1	0	3	0	0	0	0	0	4	0	1	8	3	2	1	0	2	0	0	1	0	0	0	0	0	0	28	15	2	0	5	1	0	0	0	1	0	2	1	0	0	
0	0	0	0	0	27	0	0	1	6	0	0	0	0	2	1	2	8	0	0	0	0	2	1	1	0	0	0	2	0	0	0	41	0	1	2	0	0	3	0	0	0	0	0	0	0	0	
0	0	0	0	0	5	2	0	1	2	0	1	0	0	6	0	1	0	1	0	0	0	2	0	0	0	0	1	1	0	0	0	42	8	0	0	2	1	2	1	0	0	0	15	6	0	0	
0	0	1	0	0	27	0	0	0	1	0	1	0	0	2	0	0	11	0	0	0	0	5	1	0	1	0	0	0	3	1	0	22	18	1	1	3	0	1	0	0	0	0	0	0	0	0	
0	0	0	3	0	33	0	0	2	0	0	0	0	1	3	0	0	6	1	1	0	0	6	0	0	3	0	0	0	3	1	0	28	1	1	0	5	0	2	0	0	0	0	0	0	0	0	
0	0	2	0	0	33	0	0	8	0	0	0	0	0	2	0	2	3	2	1	0	0	4	0	0	2	0	0	0	0	2	0	33	0	1	0	5	0	0	0	0	0	0	0	0	0	0	
0	0	0	1	1	38	0	0	3	1	0	0	0	0	1	0	0	4	0	2	0	0	4	0	2	4	0	0	0	0	4	0	32	0	0	0	3	0	0	0	0	0	0	0	0	0	0	
0	0	0	2	0	20	1	0	1	8	0	0	0	0	5	0	2	6	3	0	0	0	5	1	3	0	0	1	1	2	0	0	29	0	0	2	4	0	1	1	0	1	0	0	0	1	0	
0	0	0	0	0	35	0	0	0	5	1	1	0	0	1	0	0	5	1	2	0	0	9	0	4	0	0	0	1	4	0	0	16	0	1	0	9	2	1	0	0	0	0	1	1	0	0	
0	0	0	1	0	19	1	0	1	1	0	0	0	1	3	0	0	8	1	0	0	0	2	1	1	1	0	1	4	6	0	0	33	0	0	1	1	0	6	1	0	0	0	2	4	0	0	
0	0	0	1	1	34	0	0	1	0	0	0	0	0	2	0	0	12	2	1	0	0	9	0	0	6	0	0	0	1	0	0	24	0	0	0	5	0	0	0	0	0	0	1	0	0	0	
0	0	1	1	2	31	0	0	2	1	0	1	0	0	3	1	1	9	1	2	0	0	9	0	0	0	0	0	0	2	0	0	20	0	3	0	7	2	0	0	0	0	0	0	1	0	0	
0	0	0	0	2	19	0	0	4	3	0	2	0	0	3	0	0	5	1	0	0	0	2	1	2	1	0	1	0	1	2	0	32	4	0	1	5	1	4	0	0	0	0	2	2	0	0	
0	0	1	1	0	31	0	0	3	1	0	0	0	0	1	0	2	11	1	3	0	0	9	0	0	3	0	0	0	0	1	0	21	0	4	0	4	1	0	0	0	1	0	0	1	0	0	
0	0	0	0	0	13	6	0	2	3	0	0	0	0	2	0	1	5	2	0	0	0	4	0	0	4	0	0	2	0	0	0	40	0	0	2	3	0	2	3	0	0	0	3	3	0	0	
0	0	0	1	1	41	0	0	4	0	0	0	0	0	2	0	1	5	2	3	0	0	9	0	0	0	0	0	0	2	0	0	16	0	2	0	9	1	1	0	0	0	0	0	0	0	0	
0	0	2	0	0	23	0	0	4	2	0	0	0	0	1	1	0	14	1	2	0	0	6	1	0	1	0	0	1	2	1	0	30	0	0	0	6	1	0	0	0	0	0	0	1	0	0	
0	0	0	3	0	34	1	0	0	1	0	0	0	0	1	1	1	11	1	1	0	0	10	0	0	1	0	0	0	0	1	0	18	0	1	0	7	1	2	1	0	0	0	0	3	0	0	
0	0	2	0	2	35	0	0	2	1	0	2	0	0	1	0	1	16	1	1	0	0	10	0	0	3	0	0	0	0	0	0	18	0	0	0	4	0	1	0	0	0	0	0	0	0	0	
0	0	0	0	0	33	0	0	4	0	0	1	0	0	2	0	4	8	4	0	0	0	5	0	0	2	0	0	0	3	0	0	22	2	1	0	4	0	2	0	0	0	0	2	1	0	0	
0	1	0	0	1	29	0	0	1	1	0	0	0	0	3	0	1	3	2	2	0	0	3	0	1	1	0	0	2	4	0	0	35	0	0	3	2	1	1	0	0	0	0	2	1	0	0	
