0	0	1	8	1	138	1	0	33	5	0	0	0	0	404	0	22	26	9	34	0	0	26	0	3	0	0	3	15	64	1	0	428	112	42	30	11	51	40	1	0	0	0	7	42	0	0	
0	0	4	35	4	176	0	0	15	15	0	0	0	0	448	0	1	35	5	14	0	0	25	0	1	0	0	9	0	14	0	0	158	0	42	3	7	26	2	0	0	0	0	0	0	0	0	
0	0	2	1	0	19	0	0	1	1	0	0	0	0	144	0	1	0	0	1	0	0	2	0	0	2	0	0	3	1	1	0	23	2	3	2	9	2	0	0	0	0	0	0	1	0	0	
0	0	18	51	6	681	4	0	71	13	0	4	0	0	588	3	32	162	34	105	0	0	254	6	3	11	1	6	2	133	7	1	641	32	111	8	300	262	30	4	0	5	0	8	19	0	1	
0	0	2	27	3	233	1	0	4	28	0	4	0	0	250	0	4	92	28	26	0	0	80	0	0	5	1	0	10	39	3	0	230	17	15	0	27	73	4	1	0	3	2	11	17	0	0	
0	1	2	31	1	210	0	0	20	14	0	3	0	0	247	1	9	35	14	33	0	0	33	1	2	4	0	10	0	36	0	0	215	0	31	6	24	54	4	0	0	0	0	0	0	0	0	
0	4	18	79	7	588	0	0	45	22	0	1	0	1	553	3	13	144	73	64	0	1	165	3	4	9	0	2	2	127	3	1	606	6	86	1	84	132	12	0	0	7	0	0	3	0	0	
0	1	0	9	0	48	0	0	0	3	0	1	0	0	115	0	4	8	2	2	0	0	9	0	1	0	0	0	3	3	0	0	60	3	8	0	5	7	1	0	0	2	0	0	0	0	0	
0	1	3	28	2	226	2	0	42	24	0	1	0	0	254	1	5	105	13	53	0	0	82	2	3	4	0	5	7	46	1	0	319	0	43	6	46	70	7	2	0	6	0	0	6	0	0	
0	0	2	8	0	76	0	0	3	1	0	0	0	0	176	0	2	9	1	10	0	1	12	0	2	0	0	2	0	6	0	0	72	1	13	2	13	23	2	0	0	1	0	0	0	0	0	
0	0	0	1	2	46	0	0	1	3	0	1	0	0	102	0	0	9	3	3	0	1	24	0	5	3	0	1	1	2	0	0	30	1	9	0	30	18	0	0	0	0	0	0	1	0	0	
0	0	17	69	15	701	0	0	49	44	0	5	0	0	559	0	32	127	34	53	0	0	189	28	8	3	1	4	6	114	1	0	874	3	91	4	115	213	20	0	0	3	0	0	8	0	0	
0	3	1	12	5	232	0	0	11	4	0	7	0	0	417	0	7	36	17	15	0	0	60	2	2	8	0	0	1	29	2	1	142	1	22	0	67	96	10	0	0	3	0	1	1	0	0	
0	0	0	0	0	14	0	0	0	0	0	1	0	0	47	0	1	4	3	2	0	0	3	0	0	0	0	0	0	4	0	0	23	0	0	0	2	2	0	0	0	1	0	0	0	0	0	
0	13	62	203	14	1372	6	0	345	11	0	1	0	0	1259	7	44	254	88	216	0	0	502	7	6	25	0	51	21	299	18	0	2003	16	384	3	263	487	184	6	0	2	0	8	211	0	0	
0	0	2	3	0	51	0	0	2	6	0	0	0	0	152	0	0	7	3	5	0	1	7	0	0	0	1	1	1	12	1	0	40	1	5	0	14	12	4	0	0	5	0	0	0	0	0	
0	2	5	37	6	300	0	0	13	17	0	1	0	5	313	0	17	65	38	48	0	0	149	0	3	3	2	3	5	61	3	1	310	86	55	7	82	121	11	0	0	7	0	30	84	0	0	
0	0	0	3	0	47	0	0	3	1	0	1	0	0	115	0	0	8	4	2	0	0	9	0	1	0	0	4	0	3	0	0	23	12	4	2	9	20	1	0	0	0	0	8	4	0	0	
0	0	2	5	0	126	0	0	5	5	0	0	0	0	247	1	4	33	9	12	0	0	63	3	1	2	0	0	1	31	2	0	91	0	13	0	49	38	3	0	0	1	0	1	3	0	0	
0	0	0	2	0	19	0	0	3	0	0	0	0	0	79	0	0	2	0	3	0	0	4	0	0	0	0	0	0	1	2	0	11	0	0	1	3	2	1	0	0	0	0	0	1	0	0	
0	2	1	16	1	129	0	0	1	7	0	3	0	0	246	3	0	40	8	19	0	0	65	4	4	3	0	0	0	23	0	0	70	0	16	0	22	17	5	0	0	0	0	1	0	0	0	
0	0	17	24	15	472	1	0	43	17	0	7	0	2	394	2	8	136	18	57	0	4	168	28	30	8	1	1	2	58	2	2	495	1	55	9	69	114	38	1	0	4	0	1	7	0	0	
0	0	4	46	3	232	5	0	18	28	0	2	0	2	502	0	10	55	35	23	0	0	87	3	5	4	0	3	11	57	0	1	431	6	36	11	45	78	31	5	0	5	0	21	166	2	0	
0	0	3	12	1	144	0	0	11	6	0	0	0	0	338	0	9	37	7	18	0	0	35	1	3	2	0	3	1	21	1	0	185	54	22	1	18	38	2	0	0	0	0	0	2	0	0	
0	1	2	31	1	210	0	0	20	14	0	3	0	0	246	1	9	35	14	33	0	0	33	1	2	4	0	10	0	36	0	0	215	0	31	6	24	54	4	0	0	0	0	0	0	0	0	
0	0	0	26	10	270	96	0	51	53	0	0	0	1	1081	1	8	17	10	28	0	0	3	6	9	0	0	1	19	146	1	0	800	0	15	44	3	38	30	96	0	2	0	136	238	0	0	
9	0	3	31	5	345	0	0	35	25	0	6	0	11	1826	0	9	79	34	55	0	7	119	5	5	3	0	6	3	197	1	7	445	331	69	3	97	114	95	0	0	20	1	9	32	0	0	
1	1	7	22	2	255	1	0	26	17	0	2	0	0	498	1	8	40	10	15	0	0	48	5	1	0	0	6	2	24	0	0	234	25	31	4	21	31	2	1	0	3	0	0	0	0	0	
0	0	1	18	7	81	0	0	19	3	0	0	0	1	71	0	8	16	2	29	0	0	12	0	4	0	0	2	2	9	0	0	158	0	27	3	10	60	7	0	0	0	0	22	17	0	0	
0	3	47	146	9	1124	0	0	172	12	0	2	0	0	377	3	31	191	35	145	0	0	491	12	5	9	0	1	10	223	6	2	1046	19	191	6	266	467	35	0	0	18	0	0	19	1	0	
0	0	11	61	19	604	45	3	14	108	0	24	0	30	1318	1	6	159	33	40	3	1	198	36	34	231	6	6	18	140	27	2	843	2	76	13	86	131	79	45	0	8	0	87	85	0	0	
0	0	7	74	13	428	33	0	30	13	0	2	0	1	735	3	19	67	51	60	0	0	151	3	3	16	0	9	18	170	6	5	571	1	109	8	122	222	30	33	0	5	0	34	105	0	0	
0	2	38	116	9	951	0	0	137	12	0	1	0	0	247	2	26	157	34	118	0	0	431	12	4	9	0	0	7	187	6	0	917	15	169	6	240	395	28	0	0	18	0	0	15	1	0	
0	0	4	49	5	329	0	0	21	14	0	1	0	0	241	0	8	86	15	41	0	3	93	1	1	5	0	0	3	43	1	0	349	0	71	2	31	97	4	0	0	2	0	1	6	0	0	
0	0	2	8	3	70	0	0	2	2	0	0	0	0	137	0	2	19	6	12	0	0	11	1	1	0	0	0	0	5	0	0	89	5	20	1	7	14	1	0	0	1	0	0	5	0	0	
0	1	5	72	4	516	1	0	49	35	0	5	0	0	441	0	10	153	37	66	1	0	120	12	9	0	0	0	11	66	1	2	578	2	101	1	140	233	6	1	0	6	0	0	12	0	0	
0	2	58	96	30	2083	0	0	215	55	0	2	0	0	955	4	19	311	52	217	0	2	505	2	8	16	0	3	17	236	7	4	1906	13	320	2	332	590	26	0	0	3	1	1	23	0	0	
0	0	1	4	1	107	0	6	13	51	0	0	0	0	260	1	0	39	3	15	0	0	39	1	0	0	0	0	17	39	1	0	332	0	15	1	16	25	1	0	0	0	0	0	95	0	0	
0	0	1	6	1	87	0	0	4	4	0	2	0	1	110	1	3	11	0	7	0	1	20	0	2	3	0	1	0	0	0	0	29	0	16	0	16	26	27	0	0	0	0	0	2	0	0	
0	0	5	20	0	213	3	0	16	8	0	0	0	0	316	0	7	63	20	31	0	1	68	1	3	2	0	0	5	36	3	1	265	5	30	0	35	85	6	3	0	4	0	1	3	0	0	
0	2	3	9	3	150	1	0	2	4	0	8	0	0	254	2	1	50	7	21	0	0	74	5	10	4	1	0	2	16	0	0	77	0	17	0	34	22	5	1	0	0	0	1	2	0	0	
0	1	0	16	4	252	0	0	6	4	0	1	0	0	280	2	2	66	22	23	0	0	93	0	3	6	0	0	0	46	1	0	129	0	39	0	115	74	5	0	0	2	0	1	3	0	0	
0	0	1	5	1	91	0	0	6	1	0	1	0	2	379	0	2	27	1	21	0	1	30	0	0	1	0	0	4	19	2	0	94	6	5	3	14	38	9	0	0	3	0	17	1	0	0	
0	0	1	5	0	63	5	0	1	4	0	0	0	0	155	0	3	7	9	3	0	1	22	2	2	5	0	0	3	34	3	0	82	2	33	1	19	16	3	5	0	0	0	8	6	0	0	
0	0	17	24	15	472	1	0	43	17	0	7	0	2	396	2	8	136	18	57	0	4	168	28	30	8	1	1	2	58	2	2	495	1	55	9	69	114	38	1	0	4	0	1	7	0	0	
0	0	1	1	0	79	11	0	10	58	0	0	0	0	593	0	0	20	24	1	1	0	5	3	4	0	0	1	5	122	0	0	258	26	7	4	10	5	26	11	0	1	1	1	109	3	0	
0	0	3	26	2	264	0	1	19	6	0	0	0	0	168	0	6	40	4	39	0	1	76	1	3	4	0	3	0	15	2	0	192	0	30	1	83	88	11	0	0	5	0	6	4	0	0	
0	0	6	7	2	140	0	0	7	3	0	1	0	0	180	0	3	45	9	26	0	0	89	0	1	2	0	4	1	8	2	0	144	1	29	0	67	62	3	0	0	0	0	1	0	0	0	
0	1	16	19	1	185	0	0	19	9	0	1	0	0	342	0	4	32	18	17	0	1	17	1	2	2	0	1	6	28	0	0	189	2	22	0	12	20	1	0	0	1	0	1	3	0	0	
0	1	4	30	6	261	0	0	12	57	0	1	0	1	390	3	1	72	39	30	0	0	64	12	11	2	0	1	0	49	1	1	218	2	63	1	50	77	3	0	0	1	0	0	7	0	0	
0	0	12	22	4	463	3	0	33	8	0	1	0	0	469	3	9	93	35	50	0	0	200	3	2	8	0	1	0	105	9	0	322	1	60	0	128	163	11	3	0	9	0	0	13	0	0	
1	1	6	14	1	273	1	0	14	5	0	2	0	0	360	3	6	39	19	49	0	0	93	0	0	8	0	3	1	46	2	0	231	0	25	7	54	79	13	1	0	4	0	1	5	0	1	
0	2	53	108	38	1703	0	1	66	34	0	11	0	0	309	1	36	266	83	194	0	5	734	11	4	31	1	15	8	184	8	6	1340	67	252	2	787	507	159	0	0	58	0	5	12	0	0	
0	0	0	16	2	129	0	0	9	1	0	0	0	0	184	0	8	22	15	12	0	0	65	1	1	4	0	0	1	27	2	0	107	3	22	1	75	58	11	0	0	2	0	0	2	0	0	
0	0	0	3	0	24	0	0	1	0	0	0	0	0	79	1	1	3	3	1	0	0	5	0	0	0	0	0	6	12	0	0	22	2	3	0	6	8	0	0	0	0	0	0	0	0	0	
0	1	1	6	0	89	0	0	7	5	0	3	0	0	209	0	2	26	11	8	0	0	45	6	2	0	0	2	4	28	1	0	154	0	12	0	10	32	6	0	0	0	0	1	7	0	0	
0	0	4	2	1	71	1	0	20	12	0	1	0	0	220	0	2	23	4	4	0	0	31	2	1	0	0	0	0	7	0	1	93	5	3	0	8	17	4	1	0	1	0	0	1	0	0	
0	0	0	16	0	59	30	0	6	0	0	0	0	0	394	0	17	9	16	8	0	0	12	1	0	0	0	0	10	38	0	0	181	10	11	0	9	18	18	30	0	1	0	8	27	2	0	
0	1	9	32	4	482	0	0	24	20	0	2	0	0	380	3	8	74	43	54	0	1	206	0	1	6	0	18	2	76	3	0	288	2	91	2	233	133	4	0	0	5	0	4	4	0	0	
0	2	8	81	22	923	5	0	53	78	0	17	0	3	2115	0	36	194	86	99	0	7	291	9	13	27	0	6	13	193	15	1	1150	83	227	19	145	313	82	5	0	10	0	27	301	0	0	
0	0	3	25	14	372	1	0	23	5	0	1	0	0	356	0	1	78	19	58	0	0	154	2	3	14	0	2	3	53	5	0	325	10	49	1	166	118	28	1	0	2	0	6	25	0	0	
0	0	4	55	3	99	0	0	7	7	0	0	0	0	227	0	36	30	4	20	0	0	53	0	0	1	0	0	1	15	1	0	243	62	38	1	24	56	28	0	0	3	0	16	35	0	0	
0	0	16	111	12	617	0	0	4	69	0	7	0	0	867	0	14	158	66	43	0	0	128	2	29	0	1	0	40	163	2	0	951	6	121	2	25	93	2	0	0	3	1	8	14	0	0	
0	0	5	80	6	663	47	0	101	14	0	0	0	0	1015	0	106	98	56	89	1	0	159	1	9	2	0	8	84	882	2	0	1576	3	249	6	131	278	119	47	0	3	0	26	226	7	0	
0	0	1	3	2	80	0	0	5	0	0	1	0	0	136	0	3	10	5	12	0	1	29	0	1	0	0	0	0	6	0	0	47	1	16	0	62	47	0	0	0	6	0	0	0	0	0	
0	1	0	2	1	54	0	0	1	2	0	1	0	0	196	1	0	19	7	6	0	0	29	0	0	0	0	0	0	6	0	0	40	0	6	0	7	10	1	0	0	0	0	0	1	0	0	
0	2	4	7	0	102	0	0	11	3	0	1	0	0	97	0	4	24	3	14	0	0	26	0	0	0	0	2	0	14	0	0	118	0	13	3	11	24	0	0	1	0	0	0	1	0	0	
0	1	0	13	7	131	3	0	10	11	0	9	0	14	548	3	3	41	3	10	1	0	21	2	1	3	0	1	1	5	2	1	137	9	31	0	35	67	18	3	0	1	0	0	4	0	1	
0	1	2	5	2	66	0	0	2	5	0	1	0	0	145	1	1	11	9	2	0	0	27	0	0	6	0	0	1	13	1	0	47	0	10	0	40	30	3	0	0	1	0	1	0	0	0	
0	0	14	24	7	299	1	0	29	2	0	3	0	0	303	1	14	61	14	66	0	0	141	2	0	3	0	2	1	48	4	0	272	37	53	7	76	145	10	1	0	2	0	0	17	0	0	
0	0	1	25	9	390	3	0	5	6	0	6	0	2	1017	0	8	65	25	62	0	1	169	0	5	12	0	3	1	136	7	0	272	140	49	4	248	159	21	3	0	4	0	22	15	0	0	
0	0	4	23	10	392	0	0	35	3	0	0	0	0	314	3	7	61	12	46	0	0	154	0	0	10	0	1	0	34	6	0	362	0	74	0	107	141	10	0	0	6	0	1	5	0	0	
0	3	16	61	3	833	3	0	74	20	0	0	0	0	252	7	19	165	26	158	0	0	369	0	5	13	0	4	4	86	7	0	602	6	95	0	168	215	20	3	0	6	0	0	3	0	0	
0	1	1	25	15	239	1	0	34	4	0	3	0	0	254	0	7	65	12	31	0	0	68	0	2	0	0	1	3	44	0	0	344	1	33	5	20	94	7	1	0	0	0	5	5	0	0	
0	0	5	19	1	139	0	0	12	8	0	0	0	0	181	0	3	25	6	15	0	3	34	0	0	0	0	0	1	8	0	0	130	2	24	0	15	27	1	0	0	8	0	2	2	0	0	
0	0	3	18	8	183	2	0	9	21	0	17	0	0	362	0	6	71	29	22	0	0	58	6	3	16	0	1	9	43	7	0	290	1	29	2	38	104	16	2	0	1	0	3	67	0	0	
0	0	5	26	4	338	7	0	18	45	1	3	0	0	634	1	27	115	35	43	0	3	132	1	6	4	0	4	12	69	1	0	511	30	32	17	54	142	19	7	0	7	0	16	51	4	0	
0	1	6	27	2	246	0	0	28	5	0	1	0	0	302	1	7	64	12	37	0	1	70	1	0	0	0	3	5	62	2	0	287	2	26	0	29	114	5	0	0	0	0	0	1	0	0	
0	1	0	1	0	14	0	0	3	1	0	0	0	0	51	1	1	2	0	1	0	0	3	2	0	0	0	0	2	1	0	0	16	0	0	1	0	0	0	0	0	0	0	1	0	0	0	
0	0	1	1	0	44	0	0	4	0	0	1	0	0	96	0	2	8	3	2	0	0	3	2	0	0	0	1	0	6	0	0	61	2	2	3	9	9	0	0	0	1	0	0	1	0	0	
0	0	2	14	0	84	1	0	8	3	0	0	0	0	73	0	1	14	13	11	0	0	31	0	0	2	0	0	2	25	1	0	85	32	17	10	18	30	0	1	0	1	0	0	3	0	0	
0	0	0	1	1	24	0	0	6	3	0	1	0	0	115	0	1	13	3	6	0	0	15	0	0	1	0	0	0	10	1	0	24	0	1	3	7	10	0	0	0	3	0	0	0	0	0	
0	0	2	17	2	80	1	0	5	7	0	0	0	0	155	0	1	7	2	1	0	0	10	3	4	0	0	1	8	11	0	0	106	4	12	0	14	8	3	1	0	1	0	3	5	0	0	
0	2	5	24	4	248	0	0	6	19	0	1	0	1	287	0	8	50	14	15	0	0	92	2	5	8	1	2	1	25	2	1	199	0	42	0	47	26	9	0	0	2	0	0	2	0	0	
0	0	5	49	11	284	0	0	38	18	0	2	0	0	306	2	18	57	29	39	2	0	84	1	5	8	1	2	4	74	2	0	274	14	71	5	76	158	14	0	0	1	0	23	40	0	0	
1	0	10	33	2	473	2	0	18	44	0	5	0	5	568	0	21	68	29	67	0	0	178	2	2	3	0	2	4	44	2	0	421	3	59	0	89	128	13	2	0	8	0	1	8	0	1	
0	1	0	1	0	17	0	0	3	1	0	0	0	0	43	1	1	2	0	2	0	0	3	2	0	0	0	0	2	1	0	0	19	0	0	1	0	3	0	0	0	0	0	1	0	0	0	
0	2	1	7	4	125	0	0	3	4	0	0	0	0	205	1	0	26	7	15	0	0	72	1	0	3	0	0	0	33	0	0	56	0	20	0	52	33	2	0	0	2	0	0	0	0	0	
0	0	4	24	0	204	2	0	31	18	0	0	0	0	291	0	3	45	11	28	0	0	50	5	5	4	0	1	3	30	1	0	259	2	24	5	15	54	6	2	0	1	0	2	3	0	0	
0	0	12	34	1	387	0	0	52	23	0	1	0	0	431	2	10	53	41	63	0	0	115	11	0	9	0	0	0	68	3	0	388	9	54	0	116	115	6	0	0	1	0	3	10	0	0	
0	1	10	81	16	775	23	0	32	89	0	28	5	24	1018	4	15	167	110	58	5	0	169	8	43	25	1	3	11	146	16	0	737	3	118	5	117	275	45	23	0	7	0	33	83	0	0	
0	0	1	10	7	203	2	0	10	7	0	1	0	1	219	4	7	46	10	18	0	0	62	13	9	5	1	1	3	19	0	2	171	10	25	5	53	35	7	2	1	4	0	9	5	0	0	
0	0	7	75	13	434	33	0	30	13	0	2	0	1	713	3	19	68	53	60	0	0	152	3	3	16	0	9	20	172	6	5	573	1	109	8	122	224	30	33	0	5	0	33	105	0	0	
0	0	1	1	0	34	0	0	1	0	0	0	0	0	55	0	0	13	2	3	0	0	21	0	0	0	0	0	2	3	1	0	28	0	4	0	6	15	1	0	0	3	0	0	1	0	0	
1	0	0	2	0	13	0	0	4	0	0	0	0	0	108	0	0	3	0	0	0	0	0	1	0	0	0	0	0	0	0	0	16	2	1	0	0	0	0	0	0	0	0	0	1	0	0	
0	3	14	53	2	401	0	0	24	16	0	5	0	0	631	1	12	81	26	33	0	2	108	8	3	2	0	1	7	46	1	0	415	25	86	4	57	72	6	0	0	7	0	0	17	0	0	
0	2	6	58	2	316	0	0	10	16	0	2	0	0	528	2	1	55	32	23	0	0	49	0	2	2	0	0	8	57	0	0	434	5	54	0	14	51	5	0	0	2	0	1	2	0	0	
0	1	0	15	7	213	2	0	16	5	0	1	0	0	104	3	5	48	9	22	0	0	80	1	2	9	0	2	1	30	3	0	199	4	24	1	59	93	8	2	0	9	0	2	1	0	0	
0	0	1	6	5	174	0	0	3	0	0	0	0	0	116	0	0	16	4	13	0	0	57	0	0	2	0	2	0	19	4	0	107	0	29	0	86	39	7	0	0	5	0	7	12	0	0	
0	0	10	31	6	305	0	0	65	12	0	0	0	0	697	0	18	39	20	43	0	0	55	2	0	1	0	2	2	41	4	0	393	116	52	5	38	79	1	0	0	0	0	1	13	0	0	
0	0	5	22	8	437	1	0	14	8	0	2	0	0	141	0	18	72	50	49	0	1	173	1	1	8	2	6	15	122	4	1	317	27	47	5	168	155	10	1	0	14	0	0	33	0	0	
0	0	17	132	27	950	15	0	46	118	0	29	0	24	1067	2	14	262	116	121	5	0	318	19	27	42	5	12	30	161	9	3	956	3	164	8	160	469	72	15	0	8	1	33	176	0	0	
0	0	0	0	0	5	0	0	0	0	0	0	0	0	326	0	1	2	1	0	0	0	2	0	1	0	0	0	0	1	0	0	6	0	0	0	1	3	0	0	0	0	0	0	0	0	0	
0	1	16	43	23	625	2	0	42	53	0	9	0	2	433	1	37	228	27	77	1	2	230	15	24	7	1	2	4	94	4	1	690	2	77	17	80	177	42	2	0	4	0	5	11	0	0	
0	0	0	2	0	19	0	0	3	0	0	0	0	0	79	0	0	2	0	3	0	0	4	0	0	0	0	0	0	1	2	0	11	0	0	1	3	2	1	0	0	0	0	0	1	0	0	
0	1	6	14	1	247	2	0	16	42	0	7	0	3	131	0	6	73	12	47	0	0	68	25	14	1	3	2	7	15	0	0	290	3	48	4	31	49	26	2	0	1	0	7	13	0	0	
0	2	18	36	10	620	22	2	13	106	1	7	0	4	518	0	27	198	26	40	1	0	141	27	37	27	1	1	34	142	1	3	915	2	45	13	24	156	78	22	0	0	0	6	46	0	0	
0	2	7	66	4	419	1	0	10	32	0	3	0	0	417	0	17	129	71	15	0	3	74	3	6	3	0	1	22	108	1	0	529	9	60	3	37	41	4	1	0	2	0	0	10	0	0	
0	0	0	2	0	22	1	0	8	2	0	0	0	0	83	1	0	3	2	4	0	0	5	1	0	0	0	0	0	6	0	0	44	5	4	0	3	2	0	1	0	0	0	2	4	0	0	
0	0	4	14	4	160	1	0	8	20	0	3	0	0	854	1	23	43	23	19	0	1	72	6	5	3	1	0	1	51	2	0	202	21	40	0	48	82	18	1	0	7	0	26	13	0	0	
0	0	0	22	2	113	0	0	6	9	0	0	0	0	243	0	4	12	2	13	0	0	20	5	1	0	0	1	1	20	0	0	193	12	52	0	2	12	0	0	0	1	0	1	1	0	0	
0	0	0	2	0	16	0	0	1	0	0	0	0	0	51	0	2	7	5	4	0	0	3	1	0	1	0	1	0	3	1	0	31	2	0	0	4	7	1	0	0	0	0	0	1	0	0	
0	0	26	46	21	618	0	0	26	20	0	12	0	0	518	2	10	157	38	67	0	2	196	7	7	11	0	1	1	71	1	0	695	1	57	2	103	181	28	0	1	11	0	1	13	0	0	
0	0	1	10	2	71	0	0	2	4	0	0	0	0	194	0	5	11	2	4	0	0	14	1	1	0	0	0	0	15	0	0	76	0	13	1	16	19	1	0	0	6	0	0	0	0	0	
0	0	15	81	3	853	25	33	76	136	0	3	0	10	1029	1	34	153	83	122	1	0	230	18	85	26	2	12	21	197	7	1	1071	1	218	33	121	350	100	25	0	3	0	43	42	0	0	
0	2	1	3	0	32	0	0	0	5	0	0	0	1	90	0	0	6	4	3	0	0	5	1	4	2	0	0	2	13	0	0	21	0	4	2	9	2	2	0	0	0	0	0	1	0	0	
0	0	3	21	10	210	0	0	2	23	0	0	0	5	876	0	2	29	34	0	0	0	29	11	5	11	0	1	5	280	4	0	247	0	8	0	12	14	14	0	0	0	1	1	45	0	0	
0	0	12	28	5	520	0	0	56	65	0	7	0	1	393	2	37	203	31	47	0	4	173	9	11	3	0	6	14	42	1	0	576	60	34	9	45	135	15	0	0	5	1	8	19	0	0	
0	1	8	122	2	735	1	0	32	52	0	2	0	0	662	2	25	169	27	78	0	8	233	2	13	1	0	0	24	107	2	0	802	15	129	2	67	196	8	1	0	7	0	6	7	0	0	
0	1	12	33	5	348	0	0	12	16	0	2	0	3	368	3	7	75	14	53	0	0	113	26	8	4	0	7	3	38	4	0	345	3	41	1	33	70	18	0	0	4	1	1	4	0	1	
0	0	0	0	0	0	0	0	0	0	0	0	0	0	112	0	0	0	0	0	0	0	0	0	0	0	0	0	0	8	0	0	8	0	0	0	0	0	0	0	0	0	0	0	0	0	0	
0	0	5	59	11	319	0	0	3	22	0	8	0	1	639	1	11	57	29	26	0	0	62	2	1	0	0	0	9	67	0	0	318	122	52	1	15	19	0	0	0	0	1	3	4	0	0	
0	0	11	18	10	228	1	0	17	23	0	2	0	1	157	1	5	62	18	30	0	2	97	2	11	1	1	3	8	26	2	0	208	27	35	4	20	56	13	1	0	5	0	1	11	0	0	
0	0	2	0	0	38	0	0	24	0	0	0	0	0	76	3	8	5	0	2	0	0	5	0	0	1	0	0	8	0	0	1	91	12	6	0	6	4	1	0	0	2	0	3	42	0	0	
0	0	7	14	0	184	0	0	12	2	0	1	0	0	221	0	19	34	5	21	0	0	41	0	1	1	0	0	3	14	1	0	240	11	10	1	12	50	1	0	0	2	0	0	4	0	0	
0	0	4	25	16	492	13	0	11	16	0	7	0	0	471	2	2	102	41	58	0	0	276	4	6	26	0	1	1	104	10	0	318	0	75	2	156	183	21	13	0	4	0	2	17	0	0	
0	1	16	45	24	627	2	0	41	53	0	9	0	2	427	1	36	230	28	78	1	2	233	15	25	7	1	2	4	94	4	1	691	2	77	17	85	179	42	2	0	5	0	5	9	0	0	
0	1	9	13	2	211	0	0	10	12	0	1	0	0	161	0	8	34	13	17	0	0	39	0	3	4	0	6	1	31	4	0	175	3	26	1	22	45	2	0	0	0	0	0	2	0	0	
0	0	3	5	1	147	0	0	8	11	0	0	0	0	197	0	1	14	1	26	0	0	64	1	2	13	0	0	2	18	3	0	64	0	16	0	45	28	8	0	0	0	0	1	1	0	0	
0	0	9	32	3	235	0	0	5	24	0	1	0	1	198	1	4	62	18	14	0	1	63	11	1	0	0	1	6	48	0	0	200	6	37	4	15	40	6	0	0	2	0	1	1	0	0	
0	0	1	8	3	154	0	2	9	25	0	1	0	0	292	0	8	54	29	7	0	1	66	3	1	2	1	5	16	39	1	0	224	27	21	6	25	53	11	0	0	7	8	2	43	0	0	
0	0	4	2	0	101	0	0	12	1	0	2	0	0	266	0	0	35	5	10	0	0	29	1	0	7	0	0	0	3	2	0	141	0	12	0	38	59	0	0	0	0	0	0	0	0	0	
0	2	6	10	1	120	1	0	13	2	0	2	0	1	131	0	3	18	15	12	0	0	23	3	0	0	0	3	1	24	0	0	110	0	11	1	14	19	3	1	0	1	0	0	4	0	0	
0	0	2	4	0	41	0	0	2	0	0	0	0	0	78	0	4	15	4	5	0	0	12	0	0	1	0	0	0	9	0	0	38	0	3	0	10	8	1	0	0	0	0	0	1	0	0	
0	2	8	36	1	250	0	0	12	20	0	1	0	0	237	0	7	59	23	30	0	0	106	3	1	0	2	0	0	54	1	1	234	2	56	1	52	65	5	0	0	1	0	0	3	0	0	
0	0	12	56	6	504	0	0	37	5	0	0	0	0	483	3	43	112	38	105	0	0	158	0	3	4	0	8	1	57	1	0	334	147	93	1	200	233	5	0	0	3	0	0	5	0	0	
0	1	13	40	6	356	4	0	18	8	0	7	0	3	249	3	11	82	43	80	0	1	180	2	4	9	1	1	5	116	4	0	296	10	66	5	165	155	28	4	0	4	0	11	26	0	0	
0	0	7	26	0	430	3	0	56	10	0	0	0	0	340	2	19	74	28	75	0	0	155	1	1	4	0	0	2	108	4	0	602	6	98	1	130	176	23	3	0	4	0	0	17	0	0	
3	0	7	33	1	248	2	0	18	15	0	2	0	0	718	0	12	61	27	40	1	1	78	1	0	6	0	2	4	50	3	0	213	63	46	4	98	87	1	2	0	4	0	3	8	0	0	
0	2	29	90	15	1264	2	3	59	98	0	8	0	1	857	9	33	343	49	110	0	7	385	11	15	7	2	6	27	330	3	2	1165	9	157	15	134	241	59	2	1	11	0	7	20	0	0	
1	0	13	53	8	345	7	0	26	22	0	14	0	1	466	1	23	76	29	54	0	0	150	6	5	14	0	7	7	65	6	1	555	54	95	3	108	173	62	7	0	6	0	79	45	0	0	
0	1	16	20	1	193	0	0	16	9	0	1	0	0	345	0	7	34	17	17	0	1	20	2	2	2	0	1	6	30	0	0	200	2	24	1	16	20	1	0	0	1	0	1	4	0	0	
0	0	6	8	0	276	0	0	6	7	0	3	0	0	282	0	3	53	14	14	0	0	72	8	1	2	0	0	0	20	2	0	167	19	39	5	70	60	5	0	0	5	0	0	1	0	0	
0	1	4	30	6	255	0	0	11	57	0	1	0	1	164	3	2	68	38	29	0	0	60	12	11	2	0	1	0	46	1	1	218	2	63	1	51	74	3	0	0	1	0	0	7	0	0	
0	1	24	8	0	119	0	0	15	0	0	0	0	0	195	0	1	30	1	4	0	0	17	1	2	15	0	3	1	4	5	0	124	2	3	1	8	16	1	0	0	0	0	0	5	0	0	
0	2	3	25	6	146	4	0	7	26	0	5	0	1	522	0	6	45	32	21	1	0	37	2	3	7	0	1	13	58	5	0	240	0	30	5	29	87	7	4	0	0	1	10	70	0	0	
0	1	2	31	1	210	0	0	20	14	0	3	0	0	253	1	9	35	14	33	0	0	33	1	2	4	0	10	0	36	0	0	215	0	31	6	24	54	4	0	0	0	0	0	0	0	0	
0	0	0	0	0	5	0	0	1	0	0	1	0	0	351	0	0	0	0	1	0	0	0	1	0	0	0	0	0	0	0	0	4	3	0	0	0	0	0	0	0	0	0	0	1	0	1	
0	0	1	1	0	10	0	0	2	1	0	0	0	0	93	0	0	2	1	1	0	0	4	1	0	0	0	0	0	1	0	0	10	0	0	1	2	0	1	0	0	0	0	0	0	0	0	
0	4	9	95	2	615	1	0	27	58	0	9	0	0	534	2	7	167	75	39	0	1	111	5	12	1	0	1	27	141	1	0	709	7	102	8	61	66	8	1	0	5	0	4	3	0	0	
0	0	0	7	0	77	0	0	2	3	0	0	0	1	81	0	1	6	4	6	0	0	35	0	0	3	0	1	0	12	1	0	58	1	11	0	47	21	2	0	0	1	0	0	0	0	0	
0	0	3	65	0	320	1	0	14	18	0	5	0	0	675	0	9	100	52	21	0	3	75	2	1	2	0	6	3	92	1	1	324	41	101	0	21	84	3	1	0	9	0	1	23	0	0	
0	1	9	37	2	559	1	0	43	14	1	1	0	0	222	0	19	92	36	72	0	0	218	3	4	18	0	7	4	107	10	0	477	34	94	56	90	182	12	1	0	4	0	5	37	0	0	
0	1	6	18	2	174	0	0	44	11	0	0	0	0	160	3	7	16	5	16	0	2	24	0	0	0	0	3	1	15	0	0	218	1	17	0	20	41	9	0	0	1	0	0	1	0	0	
0	3	11	69	2	373	0	0	22	34	0	4	0	0	416	0	9	96	33	49	0	1	116	13	4	1	0	0	7	66	1	1	386	0	130	0	29	87	4	0	0	2	0	2	14	0	0	
0	3	13	50	4	410	1	0	19	29	0	3	0	0	223	1	8	137	31	73	0	1	151	3	4	1	0	0	9	56	0	0	427	11	73	1	40	88	2	1	0	1	0	2	12	0	0	
0	0	6	16	4	312	0	0	27	32	0	3	0	1	306	0	16	100	25	38	0	2	117	5	1	10	0	3	2	56	6	2	343	4	37	3	59	146	8	0	0	5	0	25	11	0	1	
0	0	4	4	2	143	0	0	20	1	0	0	0	0	230	1	6	17	9	14	0	0	48	0	1	2	0	3	0	6	2	0	125	0	21	0	33	44	2	0	0	3	0	0	2	0	0	
0	0	5	18	5	239	0	0	9	4	0	1	0	0	211	0	2	33	6	23	0	0	79	0	2	4	1	0	0	45	5	0	124	0	26	0	56	56	3	0	0	0	0	0	2	0	0	
0	2	5	36	4	390	7	0	29	53	0	1	0	1	277	0	15	66	34	60	0	0	156	7	22	6	2	4	8	67	2	0	291	0	85	18	93	101	15	7	0	6	1	5	5	2	0	
0	2	8	46	5	524	2	0	30	69	0	1	0	4	1113	2	4	108	68	27	0	1	134	20	27	10	0	2	14	178	3	0	632	171	62	3	131	114	7	2	0	11	3	10	13	1	0	
0	0	1	14	6	311	1	0	2	35	2	10	0	4	618	3	5	51	14	19	0	0	144	5	34	1	1	1	5	60	1	0	198	1	35	1	152	78	14	1	0	0	0	6	8	0	0	
0	2	21	31	2	539	0	0	68	14	0	2	0	0	290	1	20	93	37	91	0	4	157	1	5	7	0	1	5	49	4	0	609	37	85	1	149	219	14	0	0	10	0	0	17	0	0	
0	1	0	1	0	8	0	0	0	1	0	0	0	0	92	0	0	0	0	0	0	0	0	0	0	0	0	0	0	0	0	0	8	1	1	0	1	0	0	0	0	0	0	0	0	0	0	
0	0	2	6	0	53	1	0	3	0	0	1	0	0	126	0	6	5	7	3	0	2	16	0	0	0	0	0	1	12	0	0	50	0	2	0	14	11	2	1	0	0	0	0	0	0	0	
0	0	0	4	0	32	7	0	1	1	0	0	0	2	96	0	0	10	3	2	0	0	9	1	1	1	0	1	4	13	0	0	60	0	3	1	4	7	6	7	0	0	0	5	5	0	0	
0	2	19	136	14	758	0	0	6	95	0	11	0	2	963	0	15	217	75	47	0	0	149	3	34	0	2	0	36	174	3	0	1204	12	143	2	27	106	0	0	0	3	1	8	13	0	0	
0	1	0	16	4	252	0	0	6	4	0	1	0	0	280	2	2	66	22	23	0	0	93	0	3	6	0	0	0	46	1	0	129	0	39	0	115	74	5	0	0	2	0	1	3	0	0	
0	0	1	7	1	81	0	0	1	2	0	0	0	0	64	0	3	12	2	19	0	0	21	2	0	0	0	0	2	14	1	0	114	1	10	3	10	28	2	0	0	0	0	0	0	0	0	
0	0	1	2	2	54	0	0	3	1	0	1	0	0	153	1	2	11	2	4	0	0	24	0	0	0	0	0	0	7	0	0	24	0	8	0	25	16	0	0	0	0	0	0	1	0	0	
0	0	2	24	1	130	0	0	0	5	0	1	0	0	99	0	5	38	6	11	0	6	35	0	0	0	0	2	0	10	0	1	88	1	19	0	11	41	1	0	0	4	0	0	0	1	0	
0	0	0	0	1	15	0	0	0	1	0	0	0	0	60	0	2	5	2	0	0	0	7	0	0	1	0	0	0	3	0	2	4	1	5	0	17	1	0	0	0	4	0	0	0	0	0	
0	1	5	23	2	194	3	0	12	14	0	2	0	0	435	0	8	52	19	21	0	1	52	0	5	7	0	4	3	25	2	0	158	2	28	11	31	49	2	3	0	1	0	10	4	0	0	
0	2	13	74	1	462	0	0	17	30	0	0	0	0	497	0	2	97	53	36	0	1	95	7	0	1	0	2	19	101	3	0	570	2	63	5	67	59	4	0	0	7	0	0	0	0	0	
0	0	1	5	3	82	0	0	7	15	0	2	0	0	292	0	1	19	7	3	0	0	22	1	2	1	0	1	0	17	2	0	92	5	18	1	56	51	11	0	0	1	0	2	6	0	0	
0	1	19	111	11	313	0	0	10	71	0	1	0	0	598	0	1	97	19	42	0	0	59	6	6	0	1	16	0	40	1	0	370	7	96	2	40	45	12	0	0	0	1	0	4	0	0	
0	0	7	9	1	255	0	0	16	14	0	0	0	0	198	0	2	37	5	33	0	0	55	1	1	0	0	1	2	37	0	0	204	3	32	0	24	67	3	0	0	2	0	0	2	0	0	
0	0	1	3	0	58	0	0	6	1	0	0	0	0	71	0	2	15	4	8	0	0	24	0	0	3	0	0	0	8	1	0	42	0	15	0	15	24	0	0	0	2	0	0	1	0	0	
0	0	0	4	0	20	0	0	0	2	0	0	0	0	38	0	0	3	1	0	0	0	7	1	0	0	0	0	0	3	0	0	21	1	4	2	2	3	8	0	0	0	0	0	1	0	0	
0	0	8	54	8	416	0	0	20	25	0	5	0	1	534	0	15	98	48	29	0	0	95	1	4	1	0	2	11	108	0	0	396	10	86	11	45	53	24	0	0	1	0	2	6	0	0	
0	0	1	11	3	78	16	0	6	7	0	1	0	1	162	0	2	21	7	4	0	0	40	0	0	5	0	0	3	16	0	0	101	0	23	5	22	39	12	16	0	0	0	5	8	0	0	
0	0	0	2	4	143	0	0	4	0	0	0	0	0	200	0	2	13	5	19	0	0	83	0	0	0	0	0	0	25	0	0	56	0	16	0	61	53	2	0	0	0	0	0	0	0	0	
0	0	4	10	0	134	0	0	6	4	0	0	0	0	489	1	3	39	6	19	0	0	58	1	1	1	0	0	2	20	2	0	105	0	21	0	53	45	1	0	0	0	0	0	2	0	0	
0	0	4	24	3	211	0	0	3	3	0	3	0	0	161	0	12	43	9	32	0	0	80	3	1	6	1	0	2	25	2	0	238	0	38	0	58	99	23	0	0	1	0	0	7	0	0	
0	0	1	10	1	96	37	3	5	83	1	1	0	3	538	0	5	50	15	1	1	0	14	14	9	2	0	0	15	49	1	0	340	0	6	26	1	13	48	37	0	0	0	50	243	3	0	
0	0	0	3	0	41	1	0	0	1	0	0	0	0	83	1	2	14	1	2	0	0	17	0	0	1	0	0	0	2	1	0	28	0	2	0	17	7	2	1	0	0	0	0	3	0	0	
0	0	4	2	5	129	0	0	2	1	0	2	0	0	155	0	1	25	5	12	0	0	67	0	1	3	0	0	0	11	0	0	57	0	10	0	26	35	1	0	0	0	0	0	0	0	0	
0	0	1	5	1	146	0	0	7	1	0	1	0	1	279	0	7	35	11	23	0	0	38	0	0	2	0	0	0	26	0	0	63	2	26	0	64	39	4	0	0	1	0	2	3	0	0	
0	14	3	19	7	386	3	0	30	11	0	0	0	0	240	2	8	46	24	33	0	0	144	2	6	10	1	4	6	63	3	0	285	1	37	15	80	115	10	3	0	5	0	7	5	0	0	
0	2	11	131	4	527	0	0	20	45	0	3	0	0	263	0	13	97	90	39	0	0	98	2	35	1	0	1	13	129	3	0	711	44	100	7	45	55	3	0	0	1	0	0	15	0	0	
0	1	9	15	1	163	0	0	9	9	0	0	0	0	180	0	7	30	3	19	0	0	31	2	0	1	1	1	1	16	1	0	175	4	23	0	20	45	9	0	0	3	0	0	0	0	0	
