2562	1528	327	224	131	17.7709923664	2339438	162373	55702926	304958	0.0	0.0	10	10	0	0	4	3.21989528796	3.22781721992	0.638743455497	0.775252871358	3.04712041885	2.60266988295	0.324607329843	0.470546311779	0.20942408377	0.244839779611	0.0	0.0	2.30366492147	2.86444998766	1
1298	783	329	93	77	14.4545454545	153320	20398	2850080	18126	131.939900867	0.51315197685	7	7	0	0	0	3.59162303665	2.88912036403	0.261780104712	0.21518050492	3.4554973822	1.98393684384	0.523560209424	0.521696225432	0.277486910995	0.230421315205	0.0	0.0	1.0	1.09300731888	0
6855	3870	798	553	471	12.9978768577	76743	1704	640722	9874	95.4578949081	0.208000480101	74	65	0	0	0	4.13612565445	2.5508620926	0.55497382199	0.487157698528	4.49738219895	3.27798031852	0.130890052356	0.11375784655	0.104712041885	0.099229736027	0.0	0.0	0.183246073298	0.163372714564	1
16800	9690	1930	1334	1154	12.6975736568	47219	1352	720024	14023	174.383699623	0.178171160408	116	98	0	0	24	5.61256544503	3.03895178312	0.157068062827	0.143362298183	2.30366492147	2.10652120282	0.261780104712	0.193251281489	0.0	0.0	0.0	0.0	0.523560209424	0.408431786409	1
9929	5705	1577	877	744	11.3172043011	210935	11344	4463494	20884	185.47594724	0.308320632473	30	30	0	0	6	3.9109947644	2.48858309805	0.434554973822	0.450919656808	2.84816753927	2.09358296099	0.418848167539	0.295770401031	0.104712041885	0.099229736027	0.0	0.0	0.910994764398	0.739617883282	0
8331	4933	1217	694	590	12.7237288136	10188	137	98313	4712	169.79882352	0.151062607283	71	62	0	0	6	2.98952879581	2.27718538417	0.785340314136	0.638688632439	4.41884816754	3.51607686193	0.471204188482	0.322469230558	0.141361256545	0.129053479894	0.0	0.0	0.680628272251	0.504481785039	1
3314	1910	270	338	161	18.6335403727	20706	264	198028	4421	151.368810629	0.459437455594	66	48	0	0	0	3.21465968586	2.2693456868	0.471204188482	0.536333982073	3.89005235602	2.80929799073	0.261780104712	0.193251281489	0.418848167539	0.325648967956	0.0	0.0	0.879581151832	0.850963515255	1
2069	1241	486	207	153	11.9215686275	36252	3420	679232	5750	133.125418073	0.477293527858	18	18	0	0	2	4.38743455497	3.77785696664	0.38219895288	0.362654532496	2.73298429319	3.16224884186	0.219895287958	0.171541350292	0.104712041885	0.099229736027	0.0	0.0	0.507853403141	0.432663578301	1
3589	2072	717	280	254	11.8661417323	228541	12800	4838391	30691	141.178233655	0.293324103397	13	13	0	0	6	3.44502617801	3.43910528768	0.366492146597	0.308927935089	2.44502617801	1.9012636715	0.397905759162	0.5013568707	0.17277486911	0.209533729887	0.0	0.0	1.7277486911	2.30750253557	1
7016	4181	1077	544	481	12.4844074844	98552	5686	1587968	12733	122.554207887	0.273762701061	29	29	0	0	0	3.56020942408	3.48861050958	1.23560209424	1.05293166306	3.19895287958	2.14582933582	0.471204188482	0.58424933527	0.314136125654	0.264795372934	0.0	0.0	0.55497382199	0.664291000795	1
8162	4713	1360	724	590	12.1033898305	9449	199	111659	3073	311.373388987	0.244183085645	23	23	0	0	4	3.31937172775	2.67920287273	0.261780104712	0.226145116636	2.69633507853	2.16435952962	0.895287958115	0.962857377813	0.366492146597	0.307941120035	0.20942408377	0.165565636907	1.62827225131	1.6206792577	0
1157	683	294	82	76	13.0921052632	10574	255	173626	4336	123.565408571	0.302498214364	16	7	0	0	6	3.8167539267	4.19983004852	0.471204188482	0.559250020559	3.16753926702	2.78051588498	0.261780104712	0.277020914997	0.0	0.0	0.0	0.0	0.664921465969	0.585784380911	1
1369	813	263	128	96	12.6875	15378	490	127468	3403	84.6241485572	0.424406579674	17	8	0	0	0	3.16753926702	2.31638387106	0.282722513089	0.226912639456	4.09947643979	3.69216852608	0.366492146597	0.483484553603	0.20942408377	0.18201255448	0.0	0.0	0.947643979058	0.855568652175	1
13087	6869	1601	1101	967	12.0972078594	11280	262	161565	3721	186.841323575	0.160209511617	59	50	0	0	4	4.51308900524	3.69540308654	0.471204188482	0.378279104191	2.78534031414	2.40919930923	0.251308900524	0.282393574738	0.0837696335079	0.0800416655245	0.0	0.0	0.460732984293	0.447959211644	1
1988	1145	446	178	142	12.0211267606	21032	1025	434976	3921	123.986795115	0.317578482806	19	19	0	0	20	4.35078534031	3.03039938598	0.314136125654	0.274279762068	3.60209424084	3.21339875552	0.235602094241	0.190564951619	0.104712041885	0.099229736027	0.0	0.0	0.44502617801	0.372577506099	0
1189	720	313	89	72	14.2083333333	47456	3802	790364	4941	137.511153492	0.592913990372	8	8	0	0	0	3.32460732984	2.76182122201	0.20942408377	0.18201255448	3.67015706806	2.55393218388	0.471204188482	0.385296455689	0.340314136126	0.273841177599	0.0	0.0	1.0942408377	1.03423700008	0
2651	1324	327	169	86	28.0465116279	97624	7201	1998505	9865	105.38732021	0.338060752046	7	7	0	0	2	3.95287958115	3.69107206491	0.261780104712	0.21518050492	2.24083769634	3.30550149393	0.104712041885	0.0937474301691	0.162303664921	0.135961185275	0.0	0.0	1.83246073298	5.45418162879	1
1850	1063	577	194	113	15.0530973451	401	40	45667	2393	36.224632	0.328	25	16	0	0	18	4.41361256545	3.44349113237	0.575916230366	0.659027987171	2.97382198953	2.32948658206	0.104712041885	0.0937474301691	0.0	0.0	0.0	0.0	0.471204188482	0.325923083249	0
3183	1782	505	299	212	13.0613207547	28149	1531	589510	7126	141.010855573	0.269064725507	26	8	0	0	0	2.23560209424	1.72467859982	0.523560209424	0.677722650147	3.96335078534	3.10939941339	0.628272251309	0.830404868288	0.314136125654	0.259313067076	0.0	0.0	1.4554973822	1.62122748828	1
17270	9769	1503	1591	1154	13.3847487002	5505	572	41498	3188	100.266248	0.0774391803532	91	82	0	0	52	3.72251308901	2.82930840712	0.523560209424	0.42652339574	4.22513089005	3.24508648337	0.261780104712	0.277020914997	0.0523560209424	0.0496148680135	0.0	0.0	0.680628272251	0.837531865903	1
417	263	150	26	23	16.6086956522	61463	4596	1890338	10177	88.8867620365	0.285271602345	12	3	0	0	0	3.49635036496	3.26932708189	0.583941605839	0.594917150621	2.87591240876	3.92338430391	0.773722627737	0.583835047152	0.481751824818	0.566679098514	0.0729927007299	0.0676647663701	1.31386861314	1.51355959295	0
2518	1420	534	235	166	12.7530120482	71139	4787	1816502	10188	125.827386476	0.306101478646	12	12	0	0	4	3.14659685864	2.46665387462	0.539267015707	0.550752446479	2.4554973822	2.22027904937	0.628272251309	0.987472931115	0.104712041885	0.099229736027	0.0	0.0	2.04188481675	3.1954167923	0
1189	727	269	93	77	13.4805194805	15508	3458	344285	4726	147.890365692	0.430574051729	13	4	0	0	0	2.67539267016	1.88635179957	1.11518324607	1.37731970067	3.61780104712	3.24020723116	0.701570680628	0.450206957046	0.204188481675	0.178394232614	0.0	0.0	1.51832460733	1.28779364601	1
5027	2987	720	418	373	11.7855227882	53029	1866	814656	6459	193.078649237	0.31069621325	32	23	0	0	8	4.47643979058	3.01850278227	0.261780104712	0.193251281489	2.61256544503	2.60436939777	0.277486910995	0.252843946164	0.183246073298	0.166113867493	0.0	0.0	0.69109947644	0.633370795757	1
3701	2228	797	434	297	11.1043771044	3257	91	32306	1901	225.499276425	0.228153272303	16	7	0	0	24	4.6335078534	3.18571311093	0.523560209424	0.437926591925	2.0942408377	2.18469888435	0.261780104712	0.444560182013	0.0942408376963	0.0853595022066	0.104712041885	0.125161042735	0.869109947644	1.05852361503	0
3055	545	450	324	325	8.4	29454	512	343717	1918	108.000467795	0.638304566003	0	0	0	0	0	9.73821989529	7.47704284422	0.0471204188482	0.0449000849757	0.020942408377	0.0205038239083	0.0	0.0	0.0	0.0	0.0	0.0	0.104712041885	0.0937474301691	0
3138	1886	525	219	199	14.0301507538	13480	526	254493	3977	217.042495072	0.329157053625	22	13	0	0	2	3.20942408377	3.34886653326	0.261780104712	0.267536525863	4.10994764398	2.26013541295	0.586387434555	0.420547682355	0.34554973822	0.314574710123	0.0	0.0	0.86387434555	0.738850360462	1
4565	2632	963	497	428	8.8808411215	34734	1534	553624	4039	214.615870083	0.412365745247	40	22	0	0	10	4.39267015707	3.12814889943	0.649214659686	0.719552643842	2.01570680628	1.90460787807	0.575916230366	0.812148789781	0.104712041885	0.0937474301691	0.104712041885	0.0937474301691	1.30890052356	1.59968202626	1
10716	6378	1727	948	893	10.5184770437	32577	1988	671860	6523	322.61439424	0.298715864808	66	66	0	0	6	3.8219895288	2.72624105699	0.471204188482	0.453057756092	3.26178010471	2.11595076889	0.586387434555	0.766097420575	0.0523560209424	0.0496148680135	0.0	0.0	1.10994764398	1.288725638	0
1922	1186	475	168	152	10.9934210526	22900	628	180359	4261	202.729427072	0.457473689252	15	15	0	0	0	2.95811518325	2.00553712892	0.738219895288	0.676955127327	3.84293193717	3.04860064143	0.816753926702	0.920808091883	0.261780104712	0.299443545955	0.0	0.0	1.23560209424	1.3212905348	1
2072	1189	463	183	143	12.8181818182	33778	3129	782668	5374	96.2569894507	0.30596422509	12	3	0	0	0	4.11518324607	3.46372084099	0.643979057592	0.532934952441	2.8219895288	2.0904032236	0.371727748691	0.26495984211	0.104712041885	0.0937474301691	0.0	0.0	1.05235602094	1.5897042296	1
1785	1104	399	141	99	15.8888888889	15107	956	493742	2488	145.354550836	0.356286735979	2	2	0	0	2	2.98429319372	2.58244017434	0.596858638743	0.502014747403	4.18848167539	2.38798278556	0.591623036649	0.552890545764	0.366492146597	0.381239549354	0.0	0.0	0.732984293194	0.680792741427	1
3993	2481	855	371	339	9.6814159292	38651	1510	621418	3768	107.801315497	0.201324444472	19	19	0	0	10	3.23036649215	2.5655546723	0.544502617801	0.498286779419	3.38219895288	2.20542200049	0.418848167539	0.421424851292	0.314136125654	0.322140292207	0.0	0.0	0.858638743455	0.938735232039	0
16467	9272	1381	1273	808	18.6559405941	1393	6	9986	1662	104.864147272	0.0703517158242	125	107	0	0	2	3.79057591623	2.80337710041	0.235602094241	0.199281817933	4.04712041885	2.75787396179	0.314136125654	0.37252268304	0.240837696335	0.25492722239	0.0	0.0	0.575916230366	0.587703187961	1
6512	3915	1131	540	462	12.7380952381	6382	150	71922	2331	194.473597064	0.170980246072	49	49	0	0	10	3.79581151832	2.83155615252	0.523560209424	0.609413119158	3.13089005236	2.70551794085	0.418848167539	0.379540034539	0.104712041885	0.0937474301691	0.0	0.0	0.680628272251	0.616156355363	0
4302	2582	784	484	460	7.68043478261	17396	968	417908	2463	198.335941981	0.317748519549	4	4	0	0	4	3.22513089005	2.86061237356	0.86387434555	0.934349387352	2.47643979058	2.95874564842	0.581151832461	0.337655217785	0.20942408377	0.18201255448	0.157068062827	0.143362298183	1.33507853403	1.12568186179	0
5847	3358	644	474	306	16.6307189542	8186	47	59619	2163	83.1796478497	0.167552399465	60	51	0	0	0	3.56544502618	1.87763493325	0.282722513089	0.240070173515	4.44502617801	2.79318001151	0.13612565445	0.117595460651	0.261780104712	0.257558729202	0.0	0.0	0.659685863874	0.590882925358	1
4000	2340	829	394	335	10.1134328358	15394	835	274026	4725	173.619543418	0.267200727638	31	22	0	0	2	5.30890052356	4.46265179134	0.314136125654	0.242866149502	2.38219895288	2.98231956361	0.523560209424	0.563581042186	0.0523560209424	0.0496148680135	0.0523560209424	0.0496148680135	0.994764397906	1.01663879828	1
2653	1457	361	16	14	187.571428571	20984	1869	564471	2745	68.5642212198	0.349984815411	0	0	0	0	10	3.37172774869	3.88086949371	0.0104712041885	0.0103615580713	0.455497382199	0.478714947507	0.0	0.0	0.0	0.0	0.0	0.0	5.28795811518	8.73232641649	1
10583	6028	1459	855	731	12.7510259918	13180	484	275162	2034	155.464111087	0.174830952815	30	30	0	0	10	3.71204188482	3.20714892684	0.586387434555	0.510950905951	3.48167539267	2.90589621995	0.528795811518	0.406238864066	0.261780104712	0.21518050492	0.0	0.0	0.685863874346	0.549601162249	1
1990	1160	481	201	150	11.9066666667	5621	332	117238	2451	92.7114244091	0.276955197126	15	6	0	0	2	3.86387434555	2.4703818426	0.638743455497	0.576683753187	3.05235602094	2.09358296099	0.366492146597	0.263589265645	0.0523560209424	0.0496148680135	0.0	0.0	0.942408376963	1.59628299663	1
1470	874	424	129	108	11.8611111111	37834	2724	1282967	4121	156.918828077	0.302985966011	14	5	0	0	0	2.56020942408	1.80104712042	0.973821989529	0.820756009978	4.00523560209	3.03982895206	0.575916230366	0.623667114388	0.104712041885	0.099229736027	0.0	0.0	1.3612565445	1.21701707738	0
17269	10063	1526	1427	1384	11.2673410405	4065	120	36985	1967	217.015149522	0.132412521861	188	179	0	0	8	3.61780104712	2.55349359941	0.20942408377	0.207450453661	3.56544502618	2.95041254352	0.523560209424	0.553109837998	0.335078534031	0.352018859132	0.0523560209424	0.0496148680135	0.942408376963	0.977495134454	1
11577	6322	1412	1003	731	13.6949384405	18886	938	168341	2386	94.7567613376	0.236771947567	134	116	0	0	0	5.15183246073	5.18538417258	0.523560209424	0.67876428826	2.48167539267	2.45300293303	0.376963350785	0.412872454154	0.157068062827	0.143362298183	0.0	0.0	0.900523560209	0.861215427209	1
1214	696	323	103	83	13.2168674699	108296	6264	876322	2776	187.542634075	0.680920443332	3	3	0	0	2	3.16753926702	2.89175187084	0.942408376963	0.765165428579	3.80628272251	2.60798771963	0.418848167539	0.327184013596	0.157068062827	0.132397686467	0.0523560209424	0.0496148680135	0.628272251309	0.530138976453	1
8776	5179	792	758	457	17.6236323851	5719	295	163453	1865	146.787900716	0.176327511978	30	30	0	0	0	3.97905759162	4.86954853211	0.314136125654	0.32663578301	3.70680628272	2.2977988542	0.0	0.0	0.455497382199	0.426029988213	0.0	0.0	0.418848167539	0.355088950413	1
1940	1151	464	184	169	9.3550295858	14081	815	239630	1979	171.307523884	0.278356432779	19	19	0	0	8	2.69633507853	2.81362901236	0.869109947644	1.09163674241	3.43979057592	3.78564184096	0.680628272251	0.730462432499	0.0837696335079	0.0767522820098	0.157068062827	0.132397686467	0.890052356021	0.917957292837	1
11867	7034	1495	911	816	12.7855392157	14101	563	230447	2766	201.784819082	0.12241887963	101	92	0	0	10	3.74869109948	2.9701488446	0.267015706806	0.260080589896	3.38219895288	2.99015926099	0.575916230366	0.547901647433	0.188481675393	0.167210328664	0.0523560209424	0.0496148680135	0.942408376963	0.917683177544	1
8404	4839	1589	725	518	14.5965250965	12999	458	161959	1644	315.420591886	0.18719063699	25	25	0	0	10	4.47643979058	3.47331487624	0.507853403141	0.642855184891	2.61780104712	2.26720758751	0.418848167539	0.452838463858	0.104712041885	0.0937474301691	0.0	0.0	0.994764397906	0.945313999068	1
5070	2897	713	390	209	22.5550239234	3825	117	36049	2025	107.027657764	0.169904177581	27	18	0	0	0	4.60209424084	3.81820673775	0.314136125654	0.500150763411	2.66492146597	2.7282146871	0.0523560209424	0.0496148680135	0.183246073298	0.163372714564	0.0	0.0	1.15183246073	2.2383706587	1
3322	1927	628	339	257	10.9883268482	17734	641	251212	2441	152.143588851	0.263714667898	16	16	0	0	0	3.3612565445	3.16997889312	0.314136125654	0.242866149502	3.60209424084	2.65721882624	0.418848167539	0.243414380088	0.30890052356	0.254872399331	0.0	0.0	1.37696335079	2.30212987583	1
7508	4296	773	585	469	14.3219616205	13747	1009	268539	2339	106.754787356	0.150216348776	69	51	0	0	2	3.77486910995	1.83673693155	0.596858638743	0.707436747896	4.62303664921	3.21027384118	0.104712041885	0.0937474301691	0.104712041885	0.099229736027	0.0	0.0	0.104712041885	0.0937474301691	1
2067	1249	481	200	151	11.761589404	15884	1169	313800	2456	116.058133806	0.408690492463	18	18	0	0	2	4.39267015707	3.64518516488	0.413612565445	0.386502562978	2.70157068063	3.03615580713	0.246073298429	0.185521230229	0.104712041885	0.099229736027	0.0	0.0	0.534031413613	0.446643458239	1
2713	1679	519	302	193	11.7616580311	86035	5043	1838797	7059	102.417155272	0.354018497566	32	32	0	0	46	2.73298429319	3.1570406513	0.523560209424	0.439845398975	3.6387434555	2.56297798854	0.628272251309	0.652394397083	0.162303664921	0.147474027576	0.0	0.0	1.04712041885	1.01493928346	0
4161	2622	710	334	324	10.5648148148	20136	1307	460092	2825	147.524848169	0.347219440657	50	41	0	0	0	2.59162303665	1.42101367835	0.680628272251	0.630629642828	3.87434554974	2.16578492914	0.837696335079	0.471039719306	0.418848167539	0.357062580521	0.104712041885	0.0937474301691	1.24083769634	0.862257065322	1
2361	1246	427	338	228	9.02192982456	3219	125	42468	1245	125.99541919	0.577577787574	3	3	0	0	0	4.78010471204	3.25780543297	0.104712041885	0.0937474301691	1.83769633508	1.4053342836	0.0366492146597	0.0353060497245	0.0523560209424	0.0496148680135	0.0	0.0	1.65968586387	4.00838792796	1
3173	1838	608	275	245	11.7306122449	3019	64	34990	1141	162.810028164	0.313352365332	44	26	0	0	4	3.05759162304	3.85937885475	0.801047120419	0.766700474219	3.77486910995	2.27285436254	0.403141361257	0.345330445986	0.30890052356	0.313642718127	0.0	0.0	0.931937172775	0.801567939475	1
19312	10850	1487	1811	1293	13.4825986079	3180	37	30006	2821	81.9301817958	0.0789732568912	305	305	0	0	0	4.32984293194	2.7550779858	0.282722513089	0.202790493682	3.96335078534	2.67119870618	0.120418848168	0.105918149174	0.324607329843	0.307173597215	0.0	0.0	0.20942408377	0.190839066912	1
2807	1553	446	281	200	12.52	7834	121	65506	3381	202.598919237	0.312581299176	5	5	0	0	0	2.02094240838	1.51322606288	0.628272251309	0.777994024287	4.24083769634	3.0905951043	0.717277486911	0.76823551986	0.261780104712	0.226145116636	0.0	0.0	1.43979057592	1.32364792632	1
3675	2107	806	319	295	10.6881355932	111653	6156	1215918	3165	226.392117829	0.358169238697	11	11	0	0	0	3.73821989529	2.63693429456	0.785340314136	0.727008579809	2.7277486911	2.13387790905	0.366492146597	0.23217565308	0.0	0.0	0.0	0.0	0.994764397906	0.795263287739	0
10395	5564	1297	890	740	12.0216216216	3662	40	49978	1473	171.050822803	0.0958835613762	14	14	0	0	18	3.6335078534	2.34264411612	0.267015706806	0.229708615444	2.51832460733	2.14533592829	0.366492146597	0.410186124284	0.157068062827	0.143362298183	0.0	0.0	1.58115183246	1.96858638743	0
11568	6601	832	1001	536	19.3880597015	1899	11	17390	1220	138.395926115	0.0447748640368	31	31	0	0	28	4.19371727749	3.47068336943	0.418848167539	0.355088950413	3.48691099476	2.41221457745	0.20942408377	0.165565636907	0.261780104712	0.309914750144	0.0	0.0	0.612565445026	0.58386557386	0
1563	927	280	135	97	13.5567010309	4719	68	33419	1126	86.9798579414	0.285339887947	19	10	0	0	0	3.1780104712	2.23667114388	0.261780104712	0.225651709109	4.13612565445	3.94901455552	0.418848167539	0.473780872235	0.157068062827	0.143362298183	0.0	0.0	1.04188481675	0.883583235109	1
6388	3642	747	531	460	12.647826087	11521	514	126606	1277	83.9190786251	0.267873390058	70	61	0	0	0	4.14136125654	2.63830487103	0.575916230366	0.501466516817	4.53403141361	3.11553959595	0.157068062827	0.132397686467	0.104712041885	0.099229736027	0.0	0.0	0.20942408377	0.18201255448	1
2156	887	508	239	214	8.78971962617	3088	103	82974	1094	145.37245	0.07673871	9	9	0	0	4	3.77486910995	4.0479153532	0.298429319372	0.262383158356	2.10994764398	2.12006249829	0.157068062827	0.132397686467	0.0523560209424	0.0496148680135	0.0	0.0	2.73298429319	11.5284668732	0
4749	2672	896	368	326	12.8711656442	10917	306	149485	1454	164.323711947	0.125891775964	18	18	0	0	2	4.48167539267	5.59025246018	0.261780104712	0.224664894054	3.04712041885	2.45152271045	0.146596858639	0.208875853184	0.157068062827	0.143362298183	0.0	0.0	0.680628272251	0.736109207533	0
5023	2983	1006	430	403	10.6228287841	22258	1302	471023	2889	180.033062168	0.32270128543	30	30	0	0	0	2.96335078534	2.94317589978	0.910994764398	1.25018502782	3.51832460733	3.31345083742	0.575916230366	0.694498506072	0.0523560209424	0.0496148680135	0.0	0.0	1.46596858639	1.66579863491	1
10067	5636	1535	932	807	10.6926889715	39017	1523	898038	3337	202.729839049	0.259091759064	63	54	0	0	2	4.12565445026	3.36745155012	0.701570680628	0.587648364902	2.39790575916	2.38513198651	0.324607329843	0.313478248952	0.104712041885	0.0937474301691	0.0	0.0	0.82722513089	0.696746251473	0
2976	1594	546	332	273	9.0	5622	314	203339	1342	148.970094921	0.364024685372	0	0	0	0	6	2.92670157068	2.81905649516	0.157068062827	0.14884460404	1.85340314136	1.94572517201	0.157068062827	0.216167319975	0.0523560209424	0.0496148680135	0.0	0.0	3.62303664921	12.8431786409	0
3730	1964	662	287	246	13.0528455285	4191	191	109616	1139	206.885555592	0.395989221667	23	5	0	0	20	2.50785340314	2.4588690003	0.418848167539	0.358597626162	1.56020942408	1.61503248266	0.366492146597	0.253118061457	0.0523560209424	0.0496148680135	0.0	0.0	3.93193717277	6.95079630493	1
12124	7039	1306	943	808	13.021039604	2999	65	34176	1394	121.537456543	0.154904044698	141	105	0	0	24	4.1832460733	3.87451001891	0.366492146597	0.297963323374	3.10994764398	1.90241495573	0.575916230366	0.663084893506	0.471204188482	0.568241002166	0.0	0.0	0.853403141361	0.920698445766	1
2169	446	167	117	116	17.5689655172	33577	1766	638144	3316	67.5017026309	0.515103604938	1	1	0	0	0	0.686666666667	0.856933333333	0.18	0.1476	0.646666666667	0.882888888889	0.0666666666667	0.0622222222222	0.0266666666667	0.0259555555556	0.0666666666667	0.0622222222222	6.72666666667	8.7124	0
3014	1336	393	248	184	14.6847826087	32874	1919	605585	3346	54.3630096259	0.256835792421	7	7	0	0	0	2.88481675393	6.14944765768	0.366492146597	0.315945286588	1.1780104712	1.55395959541	0.0523560209424	0.0496148680135	0.104712041885	0.099229736027	0.104712041885	0.099229736027	4.46596858639	10.545653902	0
3172	1899	309	276	174	16.7356321839	6606	192	54588	1251	90.9522027118	0.290676214212	18	18	0	0	0	3.01047120419	2.05866067268	0.403141361257	0.443573366958	3.85340314136	3.0180641978	0.0523560209424	0.0496148680135	0.680628272251	0.540390888408	0.0	0.0	0.785340314136	0.820701186919	1
5553	2959	935	467	387	12.480620155	28784	1855	921748	3432	151.260602321	0.295948577882	20	11	0	0	2	3.75392670157	3.33362572298	0.20942408377	0.244839779611	2.40837696335	1.53181107974	0.539267015707	0.457882185247	0.0	0.0	0.0	0.0	2.69109947644	4.54187111099	1
1496	853	310	114	98	13.7040816327	1927	37	14602	1024	111.776446881	0.382531866845	16	7	0	0	0	2.69633507853	1.57758833365	0.471204188482	0.34785230668	4.38219895288	3.01795455168	0.680628272251	0.552451961295	0.235602094241	0.20476412379	0.0	0.0	1.04712041885	0.817521449522	1
9872	5605	1281	870	822	10.2822384428	7430	249	102597	2131	188.448897652	0.225334044574	38	38	0	0	8	4.42408376963	3.61980208876	0.340314136126	0.429429017845	2.25654450262	2.33639428744	0.20942408377	0.2553109838	0.20942408377	0.265782187988	0.0	0.0	1.06282722513	1.26970203668	0
1839	1020	340	186	129	12.1162790698	23493	827	319493	2686	136.370723714	0.424930527609	12	12	0	0	0	2.68062827225	3.31569858282	0.366492146597	0.295002878211	2.87958115183	2.16085085387	0.675392670157	0.439132699213	0.523560209424	0.794879526329	0.104712041885	0.0937474301691	2.35078534031	5.34475480387	1
7677	4559	1314	794	689	9.86357039187	10256	477	98601	1422	241.359134796	0.202800575329	75	66	0	0	12	3.84816753927	2.6889065541	0.596858638743	0.79559222609	3.49214659686	2.57651928401	0.157068062827	0.132397686467	0.20942408377	0.187494860338	0.0	0.0	0.664921465969	0.856171705819	1
3894	2166	433	364	176	20.5340909091	2651	43	30014	1077	142.054562832	0.132644864602	56	47	0	0	0	4.00523560209	4.02538307612	0.261780104712	0.278007730051	3.62827225131	2.04977933719	0.340314136126	0.308270058387	0.261780104712	0.309421342617	0.0523560209424	0.0496148680135	0.607329842932	0.503988377512	1
3943	2367	775	332	285	12.0666666667	8423	278	96438	1934	97.8877504038	0.153770791246	17	17	0	0	28	4.28272251309	4.42131520518	0.774869109948	0.839724788246	2.06282722513	1.64781667169	0.20942408377	0.18201255448	0.0523560209424	0.0496148680135	0.0	0.0	0.680628272251	0.643567884652	0
6963	4392	1368	702	634	9.16403785489	2543	191	36657	1016	278.530131569	0.260456091888	48	39	0	0	4	2.77486910995	2.46325484499	1.06282722513	0.960499986294	3.81151832461	1.97247882459	0.900523560209	1.12623009238	0.287958115183	0.316712809408	0.0	0.0	1.16753926702	1.34607055728	1
2705	1601	663	220	190	12.5736842105	4047	210	225706	902	153.456830238	0.207489652402	8	8	0	0	6	3.82722513089	3.43428085853	0.785340314136	0.625202160029	3.40837696335	2.14292371371	0.188481675393	0.152956333434	0.104712041885	0.099229736027	0.0	0.0	0.816753926702	0.991310545215	0
2046	1224	498	206	154	11.8181818182	11655	685	325736	1669	126.904294924	0.597594352914	17	17	0	0	8	4.12041884817	3.33072010087	0.366492146597	0.348839121735	2.72251308901	2.45722430854	0.20942408377	0.165565636907	0.104712041885	0.099229736027	0.0	0.0	0.523560209424	0.439845398975	1
3025	1815	628	237	200	12.595	18290	1474	428002	1544	96.4458311239	0.279781149526	27	18	0	0	18	3.27748691099	2.34220553165	0.287958115183	0.243414380088	3.81151832461	2.74641594255	0.261780104712	0.287492119185	0.104712041885	0.0937474301691	0.0	0.0	0.890052356021	0.847071078095	1
1849	1143	434	142	110	14.0636363636	27805	1736	477921	3729	134.965179925	0.287280725423	7	7	0	0	4	3.48691099476	2.63145198871	0.921465968586	0.759683122721	2.5445026178	1.710808366	0.565445026178	0.748334749596	0.418848167539	0.497683725775	0.0	0.0	1.29842931937	1.19081165538	0
6916	3802	854	537	459	13.2440087146	4829	151	98670	1173	164.660878664	0.229516436549	38	38	0	0	12	4.67015706806	4.60108001425	0.471204188482	0.556289575395	2.73821989529	2.89520572353	0.366492146597	0.265069488227	0.151832460733	0.138647515145	0.0	0.0	0.69109947644	0.517803788273	0
4772	2924	976	376	325	12.6123076923	7520	463	164247	1386	143.228603456	0.192735093372	30	21	0	0	2	3.93193717277	2.26961980209	0.764397905759	0.675036320276	2.96858638743	1.64480140347	0.471204188482	0.44812368082	0.314136125654	0.259313067076	0.0	0.0	0.628272251309	0.675255612511	0
5882	3460	902	501	429	11.4801864802	5197	208	87680	1121	119.963707734	0.242941644348	53	44	0	0	10	4.01047120419	3.34782489515	0.361256544503	0.379156273128	4.0	2.34258929306	0.235602094241	0.18009374743	0.104712041885	0.187988267865	0.0	0.0	0.44502617801	0.372577506099	1
5910	3228	788	543	391	13.1534526854	11964	564	233406	2281	148.881735901	0.267146830753	30	30	0	0	6	3.48691099476	4.39702859023	0.350785340314	0.318357501165	3.79581151832	3.43296510512	0.471204188482	0.249170801239	0.0523560209424	0.0496148680135	0.0523560209424	0.0496148680135	1.09947643979	1.52983744963	1
8861	4984	1063	662	584	13.6849315068	2353	38	32008	918	131.241369198	0.107364140995	61	52	0	0	2	3.59162303665	2.40695156383	0.659685863874	0.50058934788	3.49214659686	3.36690331954	0.329842931937	0.315287409885	0.366492146597	0.339354732601	0.0	0.0	0.38219895288	0.364902277898	1
2059	1271	470	190	172	10.6569767442	3331	297	102686	864	201.089293147	0.385151748704	25	16	0	0	0	2.91623036649	1.69556755571	0.471204188482	0.324442860667	2.94240837696	2.84597461692	0.418848167539	0.442367259669	0.486910994764	0.437213892163	0.104712041885	0.0937474301691	0.994764397906	0.851073161372	1
1826	1074	535	198	154	10.4675324675	11820	423	163396	977	158.290474222	0.559306543943	21	12	0	0	0	3.12565445026	2.52416326307	0.780104712042	0.681889202599	3.00523560209	2.32312710726	0.513089005236	0.312655903073	0.0523560209424	0.0496148680135	0.0523560209424	0.0496148680135	1.42408376963	1.00238480305	1
11002	6217	921	905	769	12.9427828349	11775	326	100356	1698	99.0500010892	0.139062918214	112	103	0	0	0	3.83769633508	2.56659631041	0.596858638743	0.57849291412	4.66492146597	3.29881308078	0.157068062827	0.174282503221	0.157068062827	0.143362298183	0.0	0.0	0.157068062827	0.174282503221	1
2307	1339	543	174	143	14.4965034965	2157	62	40861	885	132.981820511	0.0760423048196	33	15	0	0	0	3.31413612565	2.27038732491	0.680628272251	0.609193826924	3.80104712042	2.77552698665	0.44502617801	0.477344371042	0.0523560209424	0.0496148680135	0.0523560209424	0.0496148680135	1.02094240838	0.862147419205	1
2675	1500	538	271	237	9.89029535865	3035	63	34124	860	131.722897387	0.449365428276	29	29	0	0	4	5.09947643979	7.14733696993	0.104712041885	0.0937474301691	1.76963350785	1.15177763767	0.0523560209424	0.0496148680135	0.0	0.0	0.0	0.0	1.39790575916	2.20624434637	1
4398	2411	490	410	200	19.97	2204	63	34157	895	105.807894761	0.197994469349	63	54	0	0	0	4.47120418848	4.96576299992	0.256544502618	0.252350538637	3.28795811518	2.20635399249	0.314136125654	0.30969545791	0.261780104712	0.28847893424	0.0523560209424	0.0496148680135	0.539267015707	0.484142430306	1
1275	723	318	117	109	9.53211009174	26595	2052	313602	1017	114.092614958	0.517942320696	4	4	0	0	2	3.37172774869	2.19259340479	0.942408376963	0.728762917683	2.96335078534	3.01817384392	0.910994764398	0.656999534004	0.528795811518	0.435185438996	0.104712041885	0.0937474301691	1.22513089005	0.91631260108	1
9785	5859	1014	731	678	12.2064896755	9879	455	141950	1964	174.897738257	0.236801946948	127	109	0	0	0	3.31413612565	2.79767550232	0.261780104712	0.21518050492	3.30890052356	2.8397796113	0.523560209424	0.542638633809	0.628272251309	0.509196568077	0.0	0.0	0.979057591623	0.957704010307	1
1387	731	288	207	114	10.4035087719	3541	85	60052	1179	127.953279968	0.393389387195	5	5	0	0	2	4.44502617801	4.66566157726	0.366492146597	0.306954304981	2.32984293194	4.43529508511	0.120418848168	0.113045146789	0.0	0.0	0.0	0.0	1.69109947644	9.54436556015	1
2345	1360	485	211	184	11.2934782609	6336	50	66127	811	154.902059474	0.271722339551	7	7	0	0	2	3.31937172775	2.94909679011	0.366492146597	0.33436583427	3.13089005236	2.72223897371	0.17277486911	0.142923713714	0.104712041885	0.099229736027	0.0	0.0	2.16230366492	2.85458183712	0
2880	1673	626	241	206	12.1796116505	12388	792	182346	1917	175.485482747	0.368795593828	28	19	0	0	0	3.70680628272	2.01118390395	0.523560209424	0.542583810751	3.79057591623	3.84649543598	0.20942408377	0.165565636907	0.157068062827	0.16430470656	0.0	0.0	0.670157068063	0.551300677065	1
3795	1373	412	250	184	18.8315217391	6382	22	57416	796	85.66584	0.02071859	7	7	0	0	0	3.35078534031	7.63833228256	0.366492146597	0.315945286588	1.04188481675	1.36887694965	0.0523560209424	0.0496148680135	0.104712041885	0.099229736027	0.0785340314136	0.0751075902525	4.10994764398	11.3493051177	0
14453	8121	1595	1368	932	13.9216738197	1850	43	14911	1122	108.718993029	0.135757403612	140	131	0	0	6	3.86910994764	4.11068775527	0.565445026178	0.487705929114	3.9109947644	3.73131218991	0.319371727749	0.332556673337	0.20942408377	0.249335270415	0.0	0.0	0.528795811518	0.603821167183	1
2553	1485	622	200	178	12.2359550562	43663	2434	867390	3545	150.366154407	0.297156617739	13	13	0	0	0	3.10471204188	2.23146295332	0.785340314136	0.730407609441	3.10471204188	2.78813629012	0.874345549738	0.539184781119	0.0994764397906	0.0945149529892	0.0	0.0	1.29319371728	0.957100956662	0
3713	2231	780	309	276	11.6086956522	7732	369	129134	1594	210.395106671	0.187955158165	30	30	0	0	0	3.20418848168	3.21663331597	0.994764397906	0.729585263562	3.06806282723	2.88133548971	0.821989528796	0.847893423974	0.183246073298	0.163372714564	0.0	0.0	1.29319371728	1.32189358844	1
6304	1535	1238	1074	359	16.5598885794	27726	265	243718	793	119.420901884	0.500493762327	10	1	0	0	2	8.89005235602	18.4543186864	0.115183246073	0.15427208684	0.418848167539	0.452290233272	0.0	0.0	0.0	0.0	0.0	0.0	0.0523560209424	0.0496148680135	0
8451	4947	1425	753	613	12.0065252855	5290	176	77135	1228	277.610500024	0.187779188421	26	26	0	0	4	3.2722513089	2.72805021792	0.261780104712	0.226145116636	2.6387434555	2.13733176174	0.916230366492	1.07151667992	0.366492146597	0.339354732601	0.20942408377	0.249335270415	1.64921465969	1.64556892629	1
1761	1054	444	173	154	9.80519480519	14469	1795	326843	1505	150.363075769	0.285683350558	14	14	0	0	0	3.43455497382	2.32696472136	0.680628272251	0.518461664976	4.13089005236	2.36512157013	0.314136125654	0.215454620213	0.0523560209424	0.0496148680135	0.0	0.0	0.680628272251	0.513417943587	1
8112	4570	1491	747	601	11.6888519135	35809	2400	1163565	4422	124.6418821	0.242421643891	50	32	0	0	6	5.04188481675	3.07595734766	0.20942408377	0.276253392177	2.64397905759	1.58378333927	0.20942408377	0.196979249472	0.0157068062827	0.0154601025191	0.0	0.0	0.418848167539	0.384474109811	0
7014	4076	938	569	494	12.0303643725	9444	281	121151	1394	101.437797632	0.215947826542	97	79	0	0	12	3.82722513089	3.45845782736	0.575916230366	0.745758065842	4.47643979058	3.71826430197	0.157068062827	0.142868890655	0.157068062827	0.143362298183	0.0	0.0	0.157068062827	0.142868890655	1
1781	1063	450	162	142	11.0985915493	2335	129	38623	806	176.07287883	0.587085132914	17	17	0	0	0	2.87958115183	4.13749623091	0.86387434555	0.779364600751	3.74869109948	2.76445272882	0.732984293194	0.488912036403	0.261780104712	0.226145116636	0.0523560209424	0.0496148680135	1.25654450262	1.10879635975	1
2777	1698	671	259	218	10.504587156	19723	1952	336365	1738	104.020544907	0.287716054084	16	16	0	0	2	3.74869109948	2.52251857131	0.816753926702	0.868452070941	2.94240837696	2.13530330857	0.575916230366	0.558372851621	0.104712041885	0.099229736027	0.0	0.0	0.785340314136	0.829637345468	1
3413	1864	793	394	306	9.64052287582	1830	90	47032	757	227.95205452	0.266727798223	5	5	0	0	0	3.75392670157	4.45097447987	0.434554973822	0.348565006442	2.07853403141	1.986897289	0.20942408377	0.217921657849	0.0	0.0	0.0	0.0	2.67015706806	5.48208656561	0
4788	2786	633	375	251	16.9721115538	1345	12	9775	747	129.204047507	0.0865452402203	39	30	0	0	14	3.11518324607	3.69392286396	0.418848167539	0.361558071325	3.4502617801	2.5246566706	0.314136125654	0.288753049533	0.251308900524	0.271812724432	0.0	0.0	0.680628272251	0.596694169568	1
1041	407	243	106	87	10.6206896552	1956	46	42286	736	109.219946398	0.447629288782	13	4	0	0	0	4.42408376963	9.17343274581	0.366492146597	0.411666346865	2.96858638743	2.74729311148	0.607329842932	0.678270880732	0.48167539267	0.585290973383	0.0	0.0	1.02617801047	1.00391984869	0
3011	1795	694	287	235	10.6340425532	4681	227	73077	1004	129.429036206	0.396305918794	14	14	0	0	24	3.9109947644	2.82031742551	0.994764397906	0.826402785011	2.21989528796	1.49617609166	0.251308900524	0.271922370549	0.0	0.0	0.0	0.0	1.02617801047	0.955730380198	1
5760	3405	965	530	335	15.8119402985	3123	75	40085	1012	173.18557208	0.178813559801	99	81	0	0	0	3.41884816754	2.81779556481	0.696335078534	0.829253584057	3.37696335079	2.52843946164	0.523560209424	0.437926591925	0.261780104712	0.278007730051	0.104712041885	0.0937474301691	0.680628272251	0.581288890107	1
2395	1324	456	222	177	11.5141242938	16621	579	282885	2002	96.9193866852	0.270888455359	24	15	0	0	2	2.97382198953	2.54017159617	0.340314136126	0.652558866259	3.31937172775	2.46796962803	0.157068062827	0.132397686467	0.17277486911	0.155533017187	0.0	0.0	1.83246073298	2.16890984348	1
2885	1619	409	238	145	17.3448275862	8954	207	121309	1112	71.3098925448	0.25163098879	33	33	0	0	0	4.56020942408	4.08168635728	0.502617801047	0.410295770401	3.81151832461	2.33754557167	0.104712041885	0.0937474301691	0.0523560209424	0.0496148680135	0.0	0.0	0.418848167539	0.358542803103	0
3024	1600	507	265	208	11.8990384615	4707	270	55537	726	119.08481	0.28107563	9	9	0	0	2	3.94240837696	3.64556892629	0.261780104712	0.278007730051	3.06806282723	2.02631506812	0.20942408377	0.259806474603	0.146596858639	0.132342863408	0.0	0.0	1.03664921466	0.983361201721	1
2424	1425	444	217	169	12.8343195266	3198	126	63836	1135	125.201857385	0.238562649068	29	20	0	0	0	3.43455497382	2.59822921521	0.30890052356	0.307502535566	3.62827225131	2.69647213618	0.277486910995	0.252843946164	0.130890052356	0.119240152408	0.0	0.0	0.926701570681	0.666593569255	1
2034	1169	423	190	176	10.0965909091	15518	921	183548	1359	228.078815009	0.567331089535	7	7	0	0	0	2.73821989529	3.00189139552	0.471204188482	0.681944025657	2.46073298429	1.82204435185	0.314136125654	0.341109070475	0.183246073298	0.149666949919	0.0	0.0	3.06282722513	3.88097913983	1
6078	3655	987	509	384	14.0625	5401	274	62489	1091	227.485075337	0.417109587669	33	24	0	0	0	2.46073298429	1.23976864669	0.570680628272	0.447301334941	3.56544502618	2.31616457882	1.06282722513	0.990817137688	0.418848167539	0.403442888079	0.20942408377	0.196979249472	1.48167539267	1.3628464132	1
203	124	85	23	18	9.33333333333	1137	24	16622	692	90.5597	0.43118006	0	0	0	0	0	3.60273972603	2.75623944455	0.27397260274	0.236442109214	2.86301369863	1.59467066992	0.27397260274	0.198911615688	0.931506849315	0.96040532933	0.13698630137	0.118221054607	1.21917808219	1.70501032089	1
10698	6074	1208	961	847	11.1227863046	3215	138	61240	1162	108.394711879	0.200943480967	161	152	0	0	0	4.14659685864	2.22921520792	0.523560209424	0.47975658562	3.96858638743	2.49850607165	0.157068062827	0.174282503221	0.157068062827	0.143362298183	0.0	0.0	0.314136125654	0.317644801403	1
9247	5502	1501	802	720	11.0527777778	10702	1076	205549	1774	213.672591669	0.216147309531	53	53	0	0	14	3.83769633508	3.77094926126	0.837696335079	0.639949562786	2.43455497382	3.0496971026	0.544502617801	0.384145171459	0.20942408377	0.18201255448	0.0523560209424	0.0496148680135	1.06806282723	0.896302184699	0
1697	1031	415	154	146	9.93835616438	76869	1177	587827	1364	135.575191016	0.321543680963	6	6	0	0	0	2.95287958115	3.29711356597	0.628272251309	0.573558838848	3.55497382199	2.71242564623	0.727748691099	0.889230010142	0.418848167539	0.39297168389	0.0523560209424	0.0496148680135	1.39267015707	1.47764589786	1
1956	1153	396	188	141	12.3546099291	4176	421	78656	678	70.0449740155	0.301136871389	27	27	0	0	14	3.43455497382	3.81902908363	1.07853403141	0.811490913078	3.67015706806	2.36429922425	0.104712041885	0.0937474301691	0.0837696335079	0.0800416655245	0.0	0.0	0.146596858639	0.133877909049	1
1090	620	221	82	64	15.5	29372	2631	478662	737	66.6701996679	0.743403093796	2	2	0	0	0	2.65968586387	2.209643376	0.471204188482	0.5368273896	4.07329842932	2.78435349908	0.523560209424	0.416984183548	0.471204188482	0.387379731915	0.0523560209424	0.0496148680135	0.942408376963	0.830898275815	0
5694	3282	1068	483	400	12.065	7833	580	192733	725	138.043103422	0.140676676307	14	14	0	0	8	4.16753926702	4.45250952551	0.450261780105	0.289191634001	2.89528795812	3.19558126148	0.251308900524	0.188152737041	0.0575916230366	0.0548230585784	0.0	0.0	1.43455497382	2.09933938214	1
4417	2636	876	383	355	10.876056338	3212	100	28635	668	166.382811852	0.365687420481	34	25	0	0	14	2.8167539267	2.20279049368	0.450261780105	0.352018859132	3.52879581152	2.07560099778	0.628272251309	0.67333680546	0.104712041885	0.0937474301691	0.0523560209424	0.0496148680135	1.39790575916	2.1281214879	1
2894	1150	689	284	283	9.22614840989	1726	55	14698	673	150.362552546	0.525573626816	4	4	0	0	2	3.32460732984	6.3569529344	0.0	0.0	0.408376963351	0.414078561443	0.0	0.0	0.0	0.0	0.0	0.0	5.26178010471	17.9219867876	0
4791	2739	546	331	253	16.8577075099	1238	15	9630	680	149.796756025	0.110282821592	22	22	0	0	4	2.99476439791	2.98517036265	0.261780104712	0.21518050492	4.07329842932	3.4471642773	0.261780104712	0.360790548505	0.471204188482	0.432115347715	0.0	0.0	0.628272251309	0.710616485294	1
10828	5969	1426	969	847	11.440377804	2930	32	32711	660	176.182733512	0.102839533344	53	53	0	0	12	4.86910994764	3.74425043173	0.267015706806	0.229708615444	2.57068062827	2.16523669856	0.198952879581	0.159370631288	0.0523560209424	0.0496148680135	0.0	0.0	1.10471204188	0.771634549492	1
5209	3009	637	520	407	10.6535626536	557	14	5237	772	64.3944797784	0.161009585642	115	115	0	0	0	5.27748691099	3.42857926044	0.314136125654	0.263808557879	3.34554973822	2.86927441682	0.157068062827	0.132397686467	0.104712041885	0.0937474301691	0.0	0.0	0.408376963351	0.351251336312	1
3809	2328	683	327	253	13.1660079051	6199	312	106131	1564	227.160012111	0.297414814475	39	30	0	0	0	2.80628272251	2.35168992078	0.397905759162	0.295496285738	3.52356020942	3.97911241468	0.659685863874	0.601463775664	0.261780104712	0.309914750144	0.0	0.0	1.05235602094	0.908472903703	1
1684	583	273	176	7	238.285714286	8007	298	170209	939	87.912309878	0.432919074725	0	0	0	0	0	4.10471204188	7.44486170883	0.104712041885	0.0937474301691	0.371727748691	0.528768399989	0.0523560209424	0.0496148680135	0.0	0.0	0.0	0.0	4.55497382199	17.5770949261	0
3255	1791	523	322	223	12.8923766816	2302	81	30660	1070	211.788138979	0.218633249684	17	8	0	0	0	2.49214659686	1.16833420137	0.408376963351	0.541048765111	4.16230366492	3.57857514871	0.612565445026	0.698062004879	0.261780104712	0.226145116636	0.0	0.0	1.38743455497	1.28225651709	1
10260	6146	954	628	586	15.3686006826	6180	174	119833	1151	169.906526058	0.182657222237	61	61	0	0	14	2.74345549738	2.26309585812	0.560209424084	0.560510950906	3.21989528796	2.09670787533	0.780104712042	0.517091088512	0.523560209424	0.563526219128	0.0	0.0	1.11518324607	0.811381266961	0
3611	2036	629	308	219	15.2191780822	15208	572	214939	3112	143.105641011	0.293242016808	7	7	0	0	4	3.51832460733	3.13730435021	0.246073298429	0.216934842795	2.81151832461	2.36906883035	0.314136125654	0.30969545791	0.0523560209424	0.0496148680135	0.0	0.0	1.88481675393	3.36432663578	0
11385	6434	933	935	771	13.0142671855	4162	94	36554	645	106.44364655	0.172044509291	128	119	0	0	4	3.86910994764	2.46599599792	0.659685863874	0.594062662756	4.7277486911	3.13763328856	0.104712041885	0.0937474301691	0.104712041885	0.099229736027	0.0	0.0	0.104712041885	0.0937474301691	0
1800	1098	417	188	153	10.3137254902	1390	75	24538	661	89.0808105511	0.0734896583559	18	9	0	0	0	3.85340314136	2.49170801239	0.596858638743	0.491927304624	3.84816753927	2.78029659275	0.204188481675	0.162495545626	0.0523560209424	0.0496148680135	0.0	0.0	0.570680628272	0.542748279927	1
2848	1742	711	306	249	10.016064257	8562	693	151664	627	148.52907107	0.292282206284	18	18	0	0	22	3.80104712042	3.56755571393	0.471204188482	0.481510923494	3.07853403141	3.68476741317	0.366492146597	0.399714920095	0.0523560209424	0.0496148680135	0.0523560209424	0.0496148680135	0.528795811518	0.547792001316	0
8366	4536	1417	958	681	10.751835536	9690	556	194137	1449	190.74462618	0.311431233494	32	32	0	0	8	4.64921465969	3.95274252351	0.544502617801	0.582823935747	2.46073298429	2.45459280173	0.314136125654	0.246868232779	0.141361256545	0.121378251693	0.0	0.0	0.607329842932	0.552616430471	0
2102	1300	427	193	164	10.9817073171	1421	211	74651	834	182.37261658	0.4396283187	37	19	0	0	0	2.94240837696	1.68690551246	1.13612565445	1.05342507058	3.99476439791	2.23239494531	0.523560209424	0.479811408678	0.261780104712	0.235136098243	0.0	0.0	0.837696335079	0.749595679943	1
18471	10628	1690	1470	1064	16.1080827068	1387	21	11565	746	112.792682524	0.0395624594075	48	48	0	0	0	4.55497382199	2.80376086182	0.157068062827	0.132397686467	3.83246073298	3.1794084592	0.141361256545	0.121378251693	0.104712041885	0.099229736027	0.0	0.0	0.455497382199	0.434911323703	1
1868	973	382	235	159	10.2389937107	2896	35	25806	627	69.1362592293	0.571141823924	11	11	0	0	0	4.8167539267	4.5546997067	0.109947643979	0.0978591595625	3.29842931937	3.28242098627	0.20942408377	0.249335270415	0.104712041885	0.187988267865	0.0	0.0	0.471204188482	0.463528960281	0
1270	778	354	105	99	11.0404040404	2853	305	106413	692	150.519986611	0.330031996261	2	2	0	0	2	3.29319371728	3.3858720978	0.722513089005	0.935062087114	2.55497382199	1.92237054905	0.837696335079	1.09931197061	0.157068062827	0.143362298183	0.0	0.0	1.93717277487	2.25574956827	1
4507	2688	919	458	326	12.1073619632	9838	407	180730	739	235.781666902	0.327621180386	17	17	0	0	2	3.30366492147	2.43222499383	0.314136125654	0.416381129903	2.73298429319	2.43951646062	0.471204188482	0.531893314328	0.0523560209424	0.0496148680135	0.0	0.0	1.26701570681	1.18083385872	1
14039	7112	1677	1129	975	12.5364102564	1243	143	21862	597	162.644385704	0.0862067264739	83	56	0	0	22	4.5497382199	3.60593185494	0.471204188482	0.367807900003	2.73821989529	2.59417230887	0.235602094241	0.274334585127	0.0680628272251	0.0650749705326	0.0	0.0	0.44502617801	0.439900222033	1
1466	845	382	142	122	10.5901639344	1137	92	46801	586	159.11399141	0.282565971283	14	14	0	0	0	3.35602094241	3.39935857021	0.560209424084	0.479153531976	3.83246073298	2.66856719936	0.44502617801	0.383103533346	0.20942408377	0.187494860338	0.0	0.0	0.916230366492	0.835667881911	1
11339	6681	1448	895	793	12.8448928121	6271	117	75647	1453	211.87157782	0.136883561234	85	85	0	0	26	3.70680628272	3.31800115128	0.261780104712	0.28847893424	3.21989528796	3.40078396974	0.575916230366	0.851566568899	0.30890052356	0.256242975796	0.0523560209424	0.0496148680135	0.890052356021	1.0944327184	1
5108	3029	1001	463	432	10.4652777778	2451	63	29111	628	197.824712494	0.218722080378	43	43	0	0	6	3.30890052356	2.70820427072	0.680628272251	0.576354814835	2.78534031414	1.64480140347	0.748691099476	0.858309805104	0.157068062827	0.143362298183	0.20942408377	0.165565636907	1.42931937173	1.53581316302	1
9917	5599	1274	1022	762	11.780839895	1324	16	21602	810	107.443182422	0.23614360204	37	37	0	0	0	4.43979057592	3.41876593295	0.575916230366	0.488473451934	3.37696335079	2.39302650695	0.314136125654	0.299224253721	0.0890052356021	0.0810833036375	0.0	0.0	0.523560209424	0.570488747567	1
1200	743	202	179	53	20.679245283	525	21	15552	607	53.6511550781	0.254532854628	13	4	0	0	0	3.62827225131	3.21975823031	0.314136125654	0.27575998465	3.20418848168	3.37721005455	0.602094240838	0.532770483265	0.303664921466	0.253118061457	0.0	0.0	0.973821989529	0.968833091198	1
8735	4559	1395	737	662	9.21752265861	2222	105	23911	647	263.74685184	0.185557898854	53	44	0	0	4	2.95811518325	2.41791617554	0.942408376963	0.82914393794	3.65968586387	2.1488994271	0.722513089005	0.734519338834	0.314136125654	0.259313067076	0.0	0.0	1.14136125654	1.17036265453	1
1313	313	271	174	175	6.50285714286	10023	196	135903	561	91.4999173013	0.767710474841	0	0	0	0	4	5.38219895288	8.92234313752	0.193717277487	0.170993119706	0.256544502618	0.337764863902	0.0	0.0	0.0	0.0	0.0	0.0	3.48167539267	11.0485458184	0
7140	3679	1266	820	500	12.706	2929	95	53258	560	147.286842889	0.520723905346	48	48	0	0	22	4.68062827225	3.73125736685	0.30890052356	0.345056330693	3.24083769634	2.62986212001	0.314136125654	0.257339436967	0.0	0.0	0.0	0.0	0.596858638743	0.497409610482	0
4599	2647	541	366	269	15.6765799257	1090	17	14119	554	160.698173492	0.161815261611	15	15	0	0	8	2.94764397906	4.21923741126	0.366492146597	0.308927935089	4.3664921466	3.012636715	0.314136125654	0.320166662098	0.680628272251	0.656560949535	0.0	0.0	0.575916230366	0.629588004715	1
2122	1230	470	198	168	10.6547619048	9105	545	191386	976	112.843799015	0.302580099717	19	19	0	0	22	3.74345549738	2.95770401031	0.680628272251	0.665332638908	4.18848167539	3.21970340725	0.418848167539	0.568021709931	0.104712041885	0.099229736027	0.0	0.0	0.575916230366	0.700419396398	1
17819	10754	1621	1561	1214	13.1911037891	1144	16	8234	700	29.0182150343	0.00979985257683	152	152	0	0	10	3.67015706806	3.63252103835	0.298429319372	0.240070173515	3.01570680628	2.2076697459	0.628272251309	0.67333680546	0.366492146597	0.339354732601	0.0523560209424	0.0496148680135	1.28795811518	1.39546613306	1
6783	3812	1204	572	436	13.8004587156	2280	92	106731	625	136.787293857	0.208185820997	44	35	0	0	22	4.96335078534	4.10580850306	0.424083769634	0.380362380417	2.3664921466	1.68493188235	0.104712041885	0.0937474301691	0.0	0.0	0.0	0.0	0.926701570681	1.11400455031	1
16968	9430	1403	1404	825	19.1466666667	967	13	5925	959	88.6469443464	0.0456305588659	160	115	0	0	6	3.79057591623	3.60648008552	0.350785340314	0.258984128725	3.9057591623	3.15040706121	0.282722513089	0.265617718813	0.20942408377	0.187494860338	0.0	0.0	0.806282722513	1.05654998492	0
7339	4389	1240	738	631	9.96988906498	17754	1387	427436	1782	179.911530648	0.398324611446	54	54	0	0	10	3.88481675393	2.26901674844	0.680628272251	0.764836490228	3.32460732984	2.15257257202	0.20942408377	0.165565636907	0.20942408377	0.187494860338	0.0	0.0	0.732984293194	0.908089142293	1
1254	723	316	93	88	12.875	2261	128	65413	550	122.337377992	0.292703647404	18	9	0	0	6	4.46596858639	2.92360406787	0.235602094241	0.230695430498	3.19371727749	3.16811490913	0.471204188482	0.420163920945	0.157068062827	0.143362298183	0.0	0.0	0.732984293194	0.62437981415	1
14572	8633	1759	1490	1433	8.28262386602	12343	1017	361567	1245	208.149832922	0.353372137266	63	63	0	0	0	3.26178010471	3.01071790795	0.575916230366	0.515939804282	3.27748691099	1.84369945999	0.732984293194	0.740220936926	0.251308900524	0.218853649845	0.104712041885	0.0937474301691	1.0942408377	1.20265343604	1
13229	7781	1583	1439	1101	10.5876475931	2148	270	28637	613	150.794458097	0.203235425133	97	88	0	0	10	2.93193717277	2.41950604424	0.575916230366	0.721361804775	4.03664921466	2.92332995258	0.455497382199	0.268961925386	0.471204188482	0.325923083249	0.0523560209424	0.0496148680135	0.769633507853	0.61204462597	1
5982	3389	1038	460	395	13.4	3725	255	48191	715	130.949361884	0.348135229173	16	7	0	0	108	4.13089005236	4.27806255311	0.157068062827	0.237603135879	2.16230366492	1.24261944574	0.366492146597	0.326416490776	0.104712041885	0.099229736027	0.0	0.0	0.732984293194	0.634851018338	0
12690	7327	1804	1278	958	11.8100208768	6558	377	152192	919	224.077625169	0.153098204225	123	105	0	0	34	4.51308900524	3.76234204106	0.350785340314	0.384638578986	2.53403141361	2.73506756942	0.314136125654	0.37252268304	0.0942408376963	0.0853595022066	0.0	0.0	0.837696335079	0.988404923111	1
3434	1978	756	329	283	10.8480565371	5602	275	78837	529	153.53713067	0.240374318785	21	21	0	0	4	3.35602094241	3.83531153203	0.696335078534	0.467366574381	3.47643979058	1.94484800307	0.38219895288	0.403662180313	0.157068062827	0.143362298183	0.0	0.0	0.732984293194	0.714344453277	1
11454	6729	950	650	570	19.0736842105	1083	29	23477	788	81.1629602009	0.331727244409	132	123	0	0	0	4.16230366492	4.61670458595	0.450261780105	0.362709355555	4.08376963351	3.56952934404	0.104712041885	0.0937474301691	0.261780104712	0.226145116636	0.0	0.0	0.314136125654	0.27575998465	1
3670	2250	717	338	273	11.6117216117	2255	195	88672	740	137.985584439	0.325261204616	41	23	0	0	0	3.40837696335	1.76316438694	0.732984293194	0.560182012554	3.02094240838	2.93829664757	0.769633507853	1.00452290233	0.314136125654	0.426852334092	0.0523560209424	0.0496148680135	0.926701570681	1.14788520052	1
2381	1426	397	179	135	15.2148148148	5585	245	125607	686	98.2713937594	0.229395248732	19	10	0	0	0	3.73298429319	2.23858995093	0.20942408377	0.207450453661	3.13612565445	2.79685315644	0.418848167539	0.410953647104	0.178010471204	0.161673199748	0.0523560209424	0.0496148680135	1.07329842932	1.09399413393	1
4656	2638	1098	522	394	10.6243654822	13901	632	136839	794	189.114668186	0.367453002804	25	25	0	0	2	3.97905759162	3.53087908774	0.151832460733	0.138647515145	3.1780104712	2.39768646693	0.20942408377	0.238864066226	0.0	0.0	0.0890052356021	0.0810833036375	1.27748691099	1.05786573833	0
2939	1680	543	271	163	16.2760736196	3029	207	50599	528	111.953834027	0.106502456876	20	20	0	0	2	3.59162303665	2.49384611167	0.366492146597	0.297963323374	3.97382198953	2.87267344645	0.151832460733	0.128779364601	0.157068062827	0.132397686467	0.0157068062827	0.0154601025191	0.51832460733	0.60047696061	1
4581	2767	849	403	311	12.8810289389	14767	1636	325114	1329	192.273190206	0.327893717733	23	23	0	0	2	2.9109947644	3.43850223404	0.753926701571	0.75973794578	3.50785340314	2.71324799211	0.513089005236	0.448781557523	0.366492146597	0.381732956882	0.0523560209424	0.0496148680135	1.0890052356	0.857487459225	0
11358	6757	1789	1022	750	13.2106666667	2725	60	35657	1783	134.046933624	0.0771268751539	70	70	0	0	4	5.33507853403	3.91573695896	0.69109947644	0.712370823168	2.20418848168	1.66152243634	0.361256544503	0.283106274499	0.120418848168	0.109207532688	0.0	0.0	0.623036649215	0.498286779419	1
1511	934	367	108	107	11.7009345794	5809	366	188453	1242	114.433924556	0.314325159081	0	0	0	0	8	3.26701570681	2.56692524876	0.523560209424	0.427893972205	2.91623036649	3.29064444505	0.69109947644	0.632329157644	0.157068062827	0.143362298183	0.0	0.0	1.66492146597	2.47537074093	0
5062	2888	757	320	268	16.6641791045	1646	147	20085	587	95.1489907176	0.161393542049	72	54	0	0	0	3.43979057592	1.60806995422	0.424083769634	0.439845398975	4.92146596859	2.86823277871	0.20942408377	0.165565636907	0.0	0.0	0.0	0.0	0.329842931937	0.27148378608	1
8313	4845	1131	557	476	15.3067226891	4718	478	174959	858	108.599927794	0.292869154522	85	76	0	0	2	4.14659685864	3.32041336586	0.570680628272	0.553438776349	3.75916230366	2.50470107727	0.413612565445	0.483374907486	0.104712041885	0.0937474301691	0.0	0.0	0.607329842932	0.654368027192	1
4866	2831	901	339	247	17.2672064777	9817	685	214175	908	144.43715278	0.321303694238	12	12	0	0	2	4.64921465969	3.28675200789	0.523560209424	0.475261094816	3.00523560209	2.2415503961	0.0523560209424	0.0496148680135	0.0523560209424	0.0496148680135	0.0	0.0	0.471204188482	0.589183410542	1
4159	2414	819	381	329	10.7933130699	3813	81	89376	692	209.699737776	0.274822961849	22	22	0	0	2	3.0	2.95112524328	0.439790575916	0.405800279598	2.76963350785	1.63230174611	0.324607329843	0.32394945314	0.157068062827	0.132397686467	0.0	0.0	1.84293193717	2.18447959212	0
5645	3111	730	576	381	13.5643044619	793	11	5503	582	128.999024335	0.141145679207	36	27	0	0	0	4.1832460733	2.58496203503	0.230366492147	0.221978564184	3.2722513089	2.38096543406	0.157068062827	0.205696115786	0.429319371728	0.406019571832	0.0	0.0	0.785340314136	0.635673364217	1
2961	1810	605	257	230	10.6565217391	4292	182	145868	618	77.5205953856	0.152529175927	27	18	0	0	0	2.39790575916	2.02582166059	0.722513089005	0.475973794578	3.12565445026	2.75080178723	1.04712041885	1.02864504811	0.157068062827	0.143362298183	0.0523560209424	0.0496148680135	2.07853403141	2.70930073189	1
3278	1894	647	348	268	10.6902985075	2195	78	25797	584	196.316504332	0.18539990315	16	16	0	0	0	3.37172774869	2.69214111455	0.261780104712	0.193251281489	3.50785340314	2.14171760643	0.418848167539	0.243414380088	0.287958115183	0.250651023821	0.0	0.0	1.48167539267	2.28716318083	1
2116	1333	512	189	181	9.86187845304	1625	41	16858	480	170.710552136	0.170552392896	18	18	0	0	0	3.06282722513	3.81804226858	1.3612565445	0.985389654889	3.01047120419	1.38411775993	0.581151832461	0.557550505743	0.20942408377	0.165565636907	0.0	0.0	1.13612565445	1.05611140046	1
265	152	73	5	4	59.25	22717	1565	646632	2345	79.112594134	0.283826850807	10	1	0	0	0	3.79245283019	4.4791740833	1.1320754717	0.341046635813	2.62264150943	1.28657885368	0.283018867925	0.391598433606	0.188679245283	0.153079387682	0.0	0.0	1.07547169811	1.2744749021	1
22433	12395	864	2856	1802	10.8135405105	399	29	6353	472	88.4829262888	0.0572891467628	613	604	0	0	0	4.64921465969	2.66555193114	0.20942408377	0.192977166196	4.05759162304	2.88221265864	0.104712041885	0.0937474301691	0.20942408377	0.187494860338	0.0	0.0	0.157068062827	0.143362298183	1
4536	2399	427	471	211	19.7014218009	1946	9	19806	472	149.908080633	0.0653756540017	73	55	0	0	0	3.64921465969	3.03138620104	0.20942408377	0.18201255448	3.53926701571	3.78098188098	0.157068062827	0.132397686467	0.256544502618	0.22252679477	0.0	0.0	0.890052356021	2.65864422576	0
2558	1490	663	209	148	15.7635135135	10337	838	155244	567	245.849421818	0.478562294838	9	9	0	0	0	3.86910994764	3.20654587319	0.628272251309	0.664291000795	3.46073298429	2.44318960555	0.335078534031	0.298785669252	0.0366492146597	0.0353060497245	0.0	0.0	1.03664921466	0.966914284148	1
1967	1048	442	171	123	14.4308943089	10846	1526	374980	581	196.224805998	0.359650151426	18	9	0	0	4	3.52879581152	3.36640991201	0.69109947644	0.660343740577	3.10994764398	2.98199062526	0.722513089005	0.943943422604	0.130890052356	0.11375784655	0.0	0.0	1.29319371728	1.39464378718	0
2850	1695	736	319	261	9.45593869732	13051	757	268403	1075	210.924512874	0.368965688109	10	10	0	0	4	3.10994764398	1.88218524711	0.523560209424	0.571036978153	2.8219895288	2.49664208766	0.544502617801	0.457443600778	0.0	0.0	0.104712041885	0.099229736027	1.92146596859	1.62172089581	0
10207	6097	1346	873	781	11.6209987196	4003	156	55786	1338	158.596061271	0.129959544633	87	87	0	0	32	4.50785340314	4.43957128368	0.324607329843	0.365834269894	2.76439790576	1.89627477317	0.261780104712	0.193251281489	0.366492146597	0.297963323374	0.0	0.0	0.471204188482	0.411172939338	1
