3080052113_211834920_2	1436481392	2339438	162373	55702926	304958	NaN	NaN
1234877660_219109247_1	1437537631	153320	20398	2850080	18126	131.93990086739373	0.5131519768502081
2392425675_206798816_1	1437188871	76743	1704	640722	9874	95.45789490814501	0.20800048010072342
2397030580_208784230_1	1437722314	47219	1352	720024	14023	174.3836996232808	0.17817116040820613
2398512110_208216121_2	1436565465	210935	11344	4463494	20884	185.4759472403183	0.3083206324730416
3075151409_226737771_1	1437781846	10188	137	98313	4712	169.79882351996227	0.15106260728339294
3001171895_208441746_1	1436929315	20706	264	198028	4421	151.3688106293394	0.4594374555937306
2392014380_220067404_1	1437287056	36252	3420	679232	5750	133.1254180725172	0.47729352785834667
2393037141_212490076_1	1436913974	228541	12800	4838391	30691	141.17823365471324	0.29332410339721
3092178834_208295043_1	1437276902	98552	5686	1587968	12733	122.55420788691593	0.2737627010611517
3083294639_208698198_1	1437584668	9449	199	111659	3073	311.37338898672806	0.2441830856451099
2393038910_208292212_3	1437580817	10574	255	173626	4336	123.56540857081404	0.3024982143636301
2397596380_207516830_1	1437457531	15378	490	127468	3403	84.62414855716018	0.4244065796744358
2392318031_212401400_1	1436657913	11280	262	161565	3721	186.8413235752939	0.1602095116174046
3081691135_210170818_1	1437494539	21032	1025	434976	3921	123.98679511470979	0.317578482806238
3082112905_211580521_2	1437688669	47456	3802	790364	4941	137.51115349219856	0.5929139903717052
2392004302_209066705_2	1437647801	97624	7201	1998505	9865	105.38732021029926	0.3380607520462583
2390349768_207735449_1	1437705338	401	40	45667	2393	36.224632	0.328
2398512141_214158698_6	1437569979	28149	1531	589510	7126	141.01085557318987	0.26906472550704835
2390225662_208231154_1	1436928296	5505	572	41498	3188	100.2662480001606	0.07743918035320538
3014073958_207875360_3	1436585299	61463	4596	1890338	10177	88.88676203652591	0.2852716023446877
3091277624_207244124_3	1436588986	71139	4787	1816502	10188	125.82738647554756	0.30610147864634385
2391975760_215935430_6	1436922785	15508	3458	344285	4726	147.8903656922307	0.4305740517292451
2399767061_208122289_1	1437654287	53029	1866	814656	6459	193.07864923721627	0.3106962132496586
2392306420_210931495_1	1437753648	3257	91	32306	1901	225.4992764246517	0.22815327230252289
3081047298_215455017_1	1436790134	29454	512	343717	1918	108.0004677950735	0.6383045660028702
3006522418_210425626_1	1436657597	47391	1382	394578	5041	84.55350145992023	0.5968003864832895
2395932653_212508735_1	1436562915	13480	526	254493	3977	217.04249507228667	0.32915705362475156
2398512110_208264955_2	1436822976	34734	1534	553624	4039	214.61587008303226	0.41236574524711406
2396026260_264671345_6	1436542213	32577	1988	671860	6523	322.61439424030203	0.29871586480797957
3084229317_212040276_3	1436674618	22900	628	180359	4261	202.7294270717203	0.45747368925175397
2399059960_207925763_5	1437400363	33778	3129	782668	5374	96.25698945065163	0.30596422509038956
2399177880_211461608_4	1437045944	15107	956	493742	2488	145.35455083623665	0.3562867359790698
3092178834_208352433_1	1437568731	38651	1510	621418	3768	107.80131549703597	0.2013244444723538
3007002513_206897810_1	1437301634	1393	6	9986	1662	104.86414727249627	0.07035171582416737
3014147863_209945302_4	1437687963	6382	150	71922	2331	194.47359706426852	0.17098024607206014
3079395914_209944110_1	1436481999	17396	968	417908	2463	198.33594198090776	0.31774851954864086
3092211402_210633994_2	1437754046	8186	47	59619	2163	83.1796478497291	0.1675523994650129
2397030580_208724022_5	1437307841	15394	835	274026	4725	173.61954341787828	0.267200727637768
3084229317_212318040_1	1437710103	15659	734	233857	2536	127.41859597489453	0.4810892320397586
3099208223_209802083_2	1437651220	20984	1869	564471	2745	68.56422121977342	0.3499848154111811
2390027440_211771999_1	1436498986	13180	484	275162	2034	155.46411108736882	0.17483095281530442
2399177880_211529087_2	1437390319	5621	332	117238	2451	92.71142440905318	0.27695519712552735
3098923608_245039633_1	1436671812	37834	2724	1282967	4121	156.9188280768496	0.3029859660113983
2390052661_208783890_1	1437583859	4065	120	36985	1967	217.01514952190382	0.1324125218611522
2397105300_212198984_4	1437473993	18886	938	168341	2386	94.75676133760521	0.2367719475673877
3081691135_210120487_1	1437182886	3882	102	34452	1416	112.70174310920102	0.6083974867989427
3099023208_210704793_4	1436654562	108296	6264	876322	2776	187.54263407454687	0.6809204433318944
2392432260_207662239_1	1436828987	5719	295	163453	1865	146.7879007160785	0.1763275119777932
2397003540_525954651_1	1437471531	14081	815	239630	1979	171.3075238841864	0.27835643277869465
3085150105_253486561_1	1437392314	14101	563	230447	2766	201.7848190819012	0.1224188796300728
3087371729_206838842_1	1436891215	12999	458	161959	1644	315.4205918855796	0.18719063699037214
2393512782_206408949_1	1437435447	4862	238	82828	2145	109.89671408603962	0.14311778326547875
3092916211_207579164_1	1437410801	3825	117	36049	2025	107.02765776353839	0.16990417758072476
2392107164_210048701_1	1437309952	17734	641	251212	2441	152.14358885060815	0.2637146678984412
2397030580_208709685_1	1437212271	13747	1009	268539	2339	106.7547873555672	0.15021634877565132
2397491920_212642000_1	1437312416	15884	1169	313800	2456	116.05813380612553	0.4086904924626119
2392014380_219715542_1	1436658699	86035	5043	1838797	7059	102.4171552719467	0.3540184975660141
3006494600_208776870_1	1437314029	20136	1307	460092	2825	147.52484816934307	0.3472194406572511
3081691135_210156699_1	1437408083	3219	125	42468	1245	125.99541919042535	0.5775777875743408
3084404467_206945608_1	1437148874	3019	64	34990	1141	162.81002816393996	0.3133523653318983
3090915830_208347175_1	1436532443	3180	37	30006	2821	81.9301817957996	0.07897325689118881
3088771190_206360300_1	1436850291	7834	121	65506	3381	202.59891923676355	0.31258129917577154
2394857283_211102595_1	1437050074	111653	6156	1215918	3165	226.3921178287117	0.3581692386971231
3004168781_207909217_1	1436613770	3662	40	49978	1473	171.05082280288107	0.09588356137622472
2396074790_209015910_1	1437559788	1899	11	17390	1220	138.3959261148909	0.04477486403675956
3004172094_208035324_2	1437452361	4719	68	33419	1126	86.97985794137668	0.2853398879471706
3087030803_210383360_1	1437198469	11521	514	126606	1277	83.91907862513841	0.26787339005813643
2398226092_210287786_1	1437264044	3088	103	82974	1094	145.37245	0.07673871
2396341243_212186594_3	1436666604	10917	306	149485	1454	164.3237119471732	0.1258917759643052
863311341_208833154_1	1436853419	22258	1302	471023	2889	180.03306216754868	0.32270128543015314
2398512110_208264955_3	1436822976	39017	1523	898038	3337	202.72983904860507	0.259091759063903
2394530414_236881061_2	1437814625	5622	314	203339	1342	148.97009492101654	0.36402468537176397
2393312282_209043660_1	1436603572	4191	191	109616	1139	206.8855555922552	0.39598922166695766
2393385633_208056452_1	1437412313	2999	65	34176	1394	121.53745654342133	0.15490404469823008
3006510162_218991323_4	1436619001	33577	1766	638144	3316	67.50170263093585	0.5151036049378779
2399608120_211831503_7	1436781409	32874	1919	605585	3346	54.363009625878725	0.256835792421221
2397596380_207516830_2	1437457531	6606	192	54588	1251	90.9522027117859	0.29067621421247386
2393312282_209052069_2	1436692438	28784	1855	921748	3432	151.26060232123976	0.2959485778823664
3099208223_209656327_4	1436953386	1927	37	14602	1024	111.77644688109953	0.38253186684474444
3082341429_210566448_1	1436866123	7430	249	102597	2131	188.44889765249354	0.22533404457399367
2393037141_212432386_1	1436482034	23493	827	319493	2686	136.37072371389644	0.42493052760855854
2397030580_208732374_3	1437376760	10256	477	98601	1422	241.35913479553858	0.20280057532931658
2392432260_207671729_1	1436914533	2651	43	30014	1077	142.05456283191245	0.1326448646016416
2397030580_208646142_1	1436784431	51378	2795	1490937	5070	165.7770272024522	0.2630384787613627
2394033460_208262932_1	1437380572	8423	278	96438	1934	97.88775040376187	0.1537707912459056
2391975760_216270861_4	1437613641	2543	191	36657	1016	278.5301315690216	0.2604560918883927
2392435780_211750225_1	1437292774	4047	210	225706	902	153.456830238248	0.20748965240195447
2393038910_208209734_1	1437237329	11655	685	325736	1669	126.90429492425343	0.5975943529141301
2399043760_209399261_2	1436833815	18290	1474	428002	1544	96.44583112385327	0.2797811495261701
2390214121_217372577_1	1437223059	27805	1736	477921	3729	134.9651799247389	0.2872807254233914
2394206322_211851364_4	1437648741	4829	151	98670	1173	164.66087866355826	0.22951643654905945
2397030580_208761993_5	1437550506	7520	463	164247	1386	143.22860345561028	0.19273509337207878
2398482821_209558517_1	1437235362	5197	208	87680	1121	119.96370773446304	0.24294164434825835
3005085049_206991641_1	1436678186	11964	564	233406	2281	148.8817359011746	0.2671468307531616
2395932653_212903413_1	1437757811	2353	38	32008	918	131.24136919777945	0.10736414099472265
3079395914_210079219_1	1437345628	3331	297	102686	864	201.0892931472723	0.3851517487040981
3016005305_218434057_1	1437298010	11820	423	163396	977	158.2904742215616	0.5593065439425225
2393385633_208023885_1	1437235348	11775	326	100356	1698	99.05000108916803	0.13906291821394337
2398226092_210414768_5	1437690117	2157	62	40861	885	132.9818205109632	0.07604230481960175
3081691135_210189303_1	1437581076	3035	63	34124	860	131.72289738709688	0.4493654282762544
2392432260_207738813_1	1437433159	6288	454	126956	1351	81.27483687519704	0.2671625430760231
2399715700_210936531_1	1437389668	2204	63	34157	895	105.80789476082612	0.1979944693488351
3082951829_208303598_1	1436544005	26595	2052	313602	1017	114.09261495758658	0.5179423206964858
3014147863_209791703_1	1436997766	9879	455	141950	1964	174.89773825705663	0.2368019469484707
3091276807_210597802_3	1437562769	3541	85	60052	1179	127.95327996800266	0.39338938719459215
3092211402_210602759_1	1437580852	6336	50	66127	811	154.90205947431616	0.2717223395507008
2390221760_209181241_1	1437164328	12388	792	182346	1917	175.48548274729367	0.36879559382785015
3099283821_218966043_4	1436838579	6382	22	57416	796	85.66584	0.02071859
3082058012_209990984_1	1437774103	1850	43	14911	1122	108.71899302944288	0.13575740361243205
3091012121_211707113_1	1436789082	43663	2434	867390	3545	150.36615440662737	0.2971566177386706
2392582440_212187535_1	1436863548	7732	369	129134	1594	210.39510667126754	0.1879551581650981
3081047298_215426129_1	1436700761	27726	265	243718	793	119.42090188355527	0.5004937623269019
2396121194_211646369_1	1437698980	5290	176	77135	1228	277.610500023606	0.18777918842119146
2396638741_208315078_4	1437371804	14469	1795	326843	1505	150.36307576927481	0.28568335055772615
3005344372_207510602_1	1437178916	35809	2400	1163565	4422	124.64188209984553	0.24242164389141913
3093258134_207090629_1	1437200206	9444	281	121151	1394	101.43779763214887	0.2159478265421701
3073453715_208606377_3	1437787659	2335	129	38623	806	176.0728788297087	0.5870851329136277
3091012121_211728699_1	1436873899	19723	1952	336365	1738	104.02054490720734	0.2877160540837777
3085770629_208727676_1	1436585786	1830	90	47032	757	227.95205452037072	0.26672779822312165
3092916211_207452905_1	1436892557	1345	12	9775	747	129.20404750684995	0.08654524022025685
3091276807_210449419_5	1437045177	1956	46	42286	736	109.21994639819194	0.44762928878239056
3083294639_208567445_1	1437240308	4681	227	73077	1004	129.42903620597022	0.39630591879357685
2393738828_214128527_1	1436977747	3123	75	40085	1012	173.1855720796811	0.17881355980077526
3072232510_223924487_2	1437695211	16621	579	282885	2002	96.91938668518335	0.27088845535902684
2399715700_210736074_1	1436956703	8954	207	121309	1112	71.30989254478945	0.25163098879021006
2396015220_208512307_1	1436786386	4707	270	55537	726	119.08481	0.28107563
2392432260_207628476_1	1436483031	3198	126	63836	1135	125.20185738518002	0.2385626490681463
2390919936_207207799_2	1436913303	15518	921	183548	1359	228.07881500906686	0.5673310895345491
3091276807_210522369_5	1437303101	5401	274	62489	1091	227.48507533652702	0.4171095876688811
2392432260_207759261_1	1437606609	1137	24	16622	692	90.5597	0.43118006
3082058012_209825168_1	1437432021	3215	138	61240	1162	108.39471187893484	0.20094348096736725
3005145133_208119849_1	1437828354	10702	1076	205549	1774	213.67259166938433	0.2161473095313423
2390828420_208206934_1	1437259862	76869	1177	587827	1364	135.57519101583702	0.32154368096261565
3088536018_228560594_1	1436498042	4176	421	78656	678	70.04497401553206	0.3011368713893133
3087030803_210222520_1	1436697672	29372	2631	478662	737	66.67019966787954	0.7434030937957545
2397030580_208761993_1	1437550506	7833	580	192733	725	138.04310342175538	0.14067667630668498
3084229317_212121275_3	1437021076	3212	100	28635	668	166.38281185227692	0.3656874204813418
3081047298_215743225_1	1437559784	1726	55	14698	673	150.36255254638453	0.5255736268159861
2396074790_209026714_1	1437646003	1238	15	9630	680	149.79675602538694	0.11028282159200956
3009056905_219913292_1	1437522305	2930	32	32711	660	176.1827335124337	0.10283953334448556
2393029640_208619767_1	1436709348	557	14	5237	772	64.39447977838917	0.16100958564186874
2397491920_212427196_6	1436624604	654	52	14407	658	52.47339	0.7185011
3017482487_209161410_2	1437175391	6199	312	106131	1564	227.16001211144018	0.2974148144749444
2393312282_209043660_6	1436603572	8007	298	170209	939	87.91230987801143	0.43291907472545804
2394206322_211709569_5	1437044693	2302	81	30660	1070	211.788138979139	0.2186332496836923
2394046020_209852166_1	1437005542	6180	174	119833	1151	169.90652605770933	0.18265722223728176
2392563384_208402479_1	1436915194	15208	572	214939	3112	143.10564101115585	0.293242016808078
2390322621_207140633_1	1437207121	4162	94	36554	645	106.44364655011047	0.17204450929132253
3091183832_208150429_1	1437823668	1390	75	24538	661	89.08081055110473	0.07348965835587105
699115_212024026_1	1436687188	8562	693	151664	627	148.52907106969843	0.29228220628367846
2399043760_209490584_1	1437293143	9690	556	194137	1449	190.74462618039183	0.31143123349384666
3098741504_211994838_8	1437565247	1421	211	74651	834	182.3726165803758	0.4396283186998393
3082239232_209096182_1	1437622532	1387	21	11565	746	112.79268252387169	0.03956245940753412
3099208223_209802083_1	1437651220	2896	35	25806	627	69.13625922934747	0.5711418239243482
3074548925_210229405_1	1437604188	2853	305	106413	692	150.51998661077292	0.33003199626079044
3085770629_208900887_1	1437193207	9838	407	180730	739	235.78166690169067	0.32762118038619337
3086023944_207256505_1	1436664202	1243	143	21862	597	162.64438570369447	0.08620672647387963
3011048373_217004166_1	1436868502	1137	92	46801	586	159.1139914095898	0.2825659712830046
3077301201_206287676_1	1437267545	6271	117	75647	1453	211.87157781973292	0.1368835612336336
3014319635_208230973_1	1437462509	2451	63	29111	628	197.82471249440115	0.21872208037767693
3097471200_208679291_1	1437274300	1324	16	21602	810	107.44318242217143	0.2361436020396444
2396037160_212557455_5	1437448851	525	21	15552	607	53.65115507805583	0.25453285462840364
2399031140_215393906_6	1437524089	2222	105	23911	647	263.74685183974765	0.18555789885398066
3081047298_215491833_1	1436878317	10023	196	135903	561	91.49991730129017	0.7677104748405912
2396012360_213173735_1	1436513404	2929	95	53258	560	147.28684288908394	0.5207239053460126
3092916211_207561354_1	1437322820	1090	17	14119	554	160.69817349209865	0.1618152616108922
2395126508_210992258_1	1437321439	9105	545	191386	976	112.84379901489301	0.30258009971651806
3090716811_210239049_1	1437435696	1144	16	8234	700	29.01821503426731	0.009799852576829545
2392435780_211832882_6	1437555214	2280	92	106731	625	136.78729385671107	0.20818582099653582
3081990534_206945337_1	1437809077	8601	289	107192	562	31.504792727157003	0.058407793488677945
3098118171_403957320_1	1437487259	967	13	5925	959	88.6469443463678	0.04563055886591478
2393037141_212564945_1	1437345410	17754	1387	427436	1782	179.91153064808668	0.39832461144568276
2396393582_208590177_3	1437697921	2261	128	65413	550	122.33737799190592	0.2927036474040181
3011007244_208358265_1	1436831095	12343	1017	361567	1245	208.14983292211787	0.35337213726621397
3098838331_210060224_1	1437673186	2148	270	28637	613	150.7944580965949	0.2032354251331117
2394033460_208276624_1	1437460214	3725	255	48191	715	130.949361883969	0.34813522917276096
2397030580_208724022_1	1437307841	6558	377	152192	919	224.07762516874973	0.1530982042254603
3070365200_212171378_1	1436670633	5602	275	78837	529	153.53713066978466	0.24037431878459256
3090915830_208409399_1	1436970740	1083	29	23477	788	81.16296020092793	0.33172724440864804
2398512141_214123908_6	1437396918	2255	195	88672	740	137.9855844391495	0.32526120461584923
974038981_211113309_2	1437182586	5585	245	125607	686	98.27139375944596	0.2293952487318487
3086286233_208360170_1	1437723448	13901	632	136839	794	189.1146681857628	0.36745300280379356
2398097636_207602936_1	1436485599	3029	207	50599	528	111.95383402651302	0.1065024568759972
3084229317_212021381_1	1436584271	14767	1636	325114	1329	192.27319020631137	0.3278937177325624
2392933721_213571645_1	1437402444	2725	60	35657	1783	134.04693362425624	0.07712687515390024
2394027300_210472368_1	1437281074	5809	366	188453	1242	114.43392455575928	0.3143251590812143
2393385633_207972277_1	1436892652	1646	147	20085	587	95.14899071760141	0.16139354204920084
2395917332_207572975_1	1437042450	4718	478	174959	858	108.59992779381638	0.29286915452227497
2390747971_210426311_1	1436583680	9817	685	214175	908	144.43715277950105	0.3213036942377833
2390772120_209429547_1	1437186942	3813	81	89376	692	209.69973777579395	0.27482296184867316
2393404252_211142534_1	1437653942	793	11	5503	582	128.9990243350972	0.14114567920735122
2396638741_208265812_4	1436943142	4292	182	145868	618	77.52059538555756	0.15252917592713394
2396960453_207781811_1	1437148982	2195	78	25797	584	196.3165043323597	0.18539990314972574
3074548925_210239888_6	1437690506	1625	41	16858	480	170.71055213617387	0.17055239289581414
2399059960_207925763_6	1437400363	22717	1565	646632	2345	79.11259413401383	0.28382685080682
2392126777_210485591_3	1437806114	399	29	6353	472	88.48292628880424	0.057289146762778326
2395532020_207290630_1	1436932274	1946	9	19806	472	149.9080806325812	0.0653756540017344
3099023208_210684695_3	1436566493	10337	838	155244	567	245.84942181774596	0.4785622948384687
3099044221_213090616_4	1436547086	10846	1526	374980	581	196.2248059979103	0.35965015142578116
3091276807_210493419_1	1437186150	13051	757	268403	1075	210.92451287363755	0.36896568810908725
2390747971_210542693_1	1437015827	4003	156	55786	1338	158.59606127147353	0.12995954463297874
3098923608_246855167_1	1437276514	2592	798	142540	459	127.36153161226916	0.3122798590842594
2391975760_216148780_5	1437354820	15288	811	256047	1366	152.96447067228632	0.36587369533357217
2390997840_246599755_1	1437532044	3716	58	28726	495	104.20212351180142	0.1369947236150731
3073453715_208252891_5	1436741567	1731	109	40393	454	183.94511178459126	0.7992939178804245
2395397820_208340591_1	1436771391	808	12	5983	611	117.32328320187796	0.1122748894749163
3073211923_215833556_1	1437452150	492	0	4165	451	124.03383	0.08125677
2390519645_210956840_1	1437790901	4343	246	117153	661	145.9347114604325	0.3262035092404927
2397690504_216027451_1	1436477481	1449	6	19527	496	106.34647544536811	0.19054874305914862
3014073958_208112450_1	1437792887	19976	690	184528	453	102.6517797250659	0.5929513021970422
2398482821_209755161_4	1437774994	7123	230	96102	1509	193.1108762181988	0.24436085060007348
3093234237_210022350_1	1437190267	3070	135	26660	505	74.54880897897267	0.17366456042524556
2391975760_215994288_6	1437009266	1754	134	39765	535	107.8638362704834	0.7253257185303649
3090915830_208535779_1	1437571910	2845	95	39415	989	96.22186964471311	0.22284906115790823
2392625605_206677411_1	1437001190	4501	284	70442	1034	107.77342666109766	0.24525969872626502
1240574601_238891084_1	1437436931	5918	1652	199646	440	22.272491620048473	0.09747935376596184
3008234306_215628551_1	1437466749	6720	215	34724	446	65.97140213282391	0.4345420880826891
3080836011_207531046_1	1436684943	364	7	5659	438	98.51636187455432	0.16314362092757295
3077263168_206602513_1	1437553944	13325	164	101247	434	83.03483771225089	0.12597279724155291
3098741504_211994838_6	1437565247	4583	302	108896	813	86.08448622112266	0.43159907127669433
3071931309_216114410_6	1437397868	6350	475	291092	1094	107.56226240478283	0.30510755098696
2393404252_211000103_1	1436703715	1845	20	13225	480	122.83969724179217	0.294898976518521
2399177880_211420426_3	1436785577	3409	148	110891	579	30.047136641229297	0.14065134403172536
3233002025_227003393_1	1437817286	2998	202	54483	554	148.4368202525978	0.29804685125523583
2390366790_208726060_4	1436579889	1007	36	36738	423	232.12551680998712	0.26911279484221384
2390225662_208427826_3	1437704603	1039	16	6782	754	96.98745697980632	0.13034942280080283
2390045060_209100817_1	1437148737	3545	207	52569	549	166.8158955779311	0.4265964480776459
2390186704_208591425_1	1437559408	2988	238	41634	982	89.10572917389577	0.313311846065514
2394131000_208923177_1	1436688174	5247	141	104433	416	139.94911584498215	0.6123326620490436
2396026260_266751672_6	1437580547	4851	344	66406	1045	186.62021007327922	0.22213945048551254
3099044221_213348121_1	1437755399	7853	3643	276657	426	308.87763364937825	0.27380798550369256
2393359640_211673980_1	1437728731	1210	20	13258	516	99.8832921639766	0.11096565877794907
2397030580_208802561_5	1437821950	4676	364	77644	523	150.69496358962857	0.38108521177240434
3086079937_215661789_3	1437696808	1860	134	32593	428	184.9540174312467	0.4433213877019985
2394473841_207965910_1	1436720649	2103	46	25431	406	246.703185700746	0.27679826435736843
3090012996_208426529_1	1437463482	2243	56	15402	411	90.50648035891551	0.27814372586038305
2392107164_210119955_1	1437658005	7191	517	137469	604	185.91194343798918	0.4056971954786735
2398077864_208003194_1	1437037921	1451	14	29657	408	184.84381124140197	0.1387154809755342
2393359640_211191355_1	1436701866	728	1	7260	404	89.64603	0.12967132
2392435780_211832882_1	1437555214	2234	106	128065	436	154.27419345104744	0.15274396216330946
3071704227_209167661_1	1437022899	750	28	9665	410	128.07254109704192	0.2753049681065616
3090915830_208501769_1	1437399022	578	37	9967	424	56.79529506977924	0.040025148067927036
2390037900_208045459_1	1436702851	4354	223	50398	975	160.24823445888023	0.36830116701667903
2393385633_208091491_2	1437583306	977	25	7205	412	76.49447102450196	0.1391342693044113
3098194720_207317570_1	1436746598	356	4	4560	403	65.75444094416916	0.3333112475307266
2392198080_209384617_2	1437537307	2052	86	34197	648	113.65880612642886	0.20629213681484831
2398512110_208300870_4	1436995785	3452	137	58537	637	248.75104147346246	0.3391069297894787
2390504564_211962142_4	1436980021	1757	197	11891	641	126.00992618311015	0.13610760408422742
3082239232_209087629_1	1437563501	668	2	5698	399	133.79137799374408	0.029352754828221354
3095001209_206264862_2	1436484306	696	16	5631	400	104.96405739746595	0.36946281442655343
2394595381_209332887_2	1437360373	2735	52	32354	413	192.24245491091185	0.14881777997887294
3090236939_208018493_1	1436947991	3848	130	46876	1232	160.78511953098214	0.22082024508459677
3085336010_209630299_3	1437536472	1067	22	9189	444	146.25171014320128	0.16007870452077114
3090054335_212147291_1	1437629316	6731	414	92986	492	123.70215789712526	0.4039049280340443
2397690504_216049483_1	1436569861	9530	481	147411	1692	131.1006352615813	0.22556676260363834
2392429740_210373809_4	1437180813	8501	549	207005	988	138.19336671740157	0.3700038475721628
3081691135_210156699_2	1437408083	1240	36	20562	387	166.37941488209034	0.5140036324930145
3009200295_215400399_1	1437602309	22084	266	74238	380	79.85355338317773	0.43671422688828215
3088318587_207512227_1	1436565725	40876	3922	355921	805	149.10004367169935	0.5899543974594276
2397701700_206878608_1	1436932268	3348	164	69154	518	87.33915254345256	0.17485125980407007
2392429740_210404898_1	1437349076	1349	194	35960	409	141.74111975013517	0.20531945803901497
3082951829_208480930_1	1437724612	25049	940	226717	629	138.54611539309983	0.44175300938738105
3000250108_208932976_1	1437182857	7042	569	126866	684	158.84706780014136	0.30814878275702856
2395231144_211175694_3	1437613405	1265	52	18370	506	250.48503280733047	0.30010295403696136
3091276807_210569742_3	1437474631	1017	42	34780	373	119.14618706209009	0.4989540580945046
2393073039_207210723_2	1436927303	1027	17	9734	374	144.19026071274266	0.38761821727663065
3085807208_209036394_1	1436939327	1452	124	18856	672	67.93964553983406	0.10638737124554812
3090054335_212000113_1	1437023239	14538	1458	398465	934	146.15584496829013	0.5105660958198076
3097471200_208596821_2	1437018664	867	17	8325	619	75.00561544071488	0.135970047838714
2390350143_209557591_3	1436828725	1489	28	20210	666	100.87192336406723	0.15255459402610586
3015405764_208907222_6	1437003762	619	86	61682	372	148.66240532430245	0.08556260437563537
3019203689_210936302_1	1436977552	1094	17	8261	394	136.9911873242785	0.1691996928315457
3095293436_236403479_4	1437304047	1361	26	12745	361	169.6156445061145	0.48388319615682174
2395284942_207947025_1	1436608716	2324	75	32411	505	112.77406070331305	0.3539836074035615
3016005305_218459893_1	1437359418	9075	124	115232	356	156.10014521407552	0.21210535693825738
2391975760_215902448_6	1436836206	1836	1226	41806	467	195.49512587094577	0.6552180982902073
3090915830_208460372_1	1437224773	1449	22	14912	797	134.65856486358194	0.0716726244975824
3093097020_208089039_1	1436964509	1799	23	18291	358	152.46750502654604	0.34489806061281214
3083323905_209208216_3	1437022472	7017	315	99870	795	105.63614389161205	0.26471679676086957
2395844153_207968858_1	1437732826	1238	35	11001	358	82.7268666236914	0.3448246140786965
2398226092_210086406_6	1436739839	2461	195	47383	546	207.9226007521575	0.2691925312213272
2398512110_208198084_2	1436477201	18396	816	389022	624	153.1451352401401	0.33354020387978983
2399106260_208433769_1	1436960091	2455	109	45826	486	125.86094748255162	0.24486174403028313
3098741504_212027024_7	1437652055	1933	202	82636	650	142.5217042602757	0.24454102456546817
3086270617_214093690_4	1437527180	1348	47	13326	345	257.7589851169607	0.21458703928572945
2390366790_208860762_4	1437438537	584	32	16553	343	93.38909087262687	0.6376966846210037
3080004399_212438001_1	1436490510	4062	125	56379	847	102.44477105337732	0.23359773262718328
3082239232_208916088_1	1436779846	725	16	7410	413	102.8488480105464	0.050846166929351
2393867467_207953432_1	1436746894	2224	74	63211	358	123.42482511611155	0.18158049512215013
2398226092_210439882_2	1437787440	1421	73	61971	586	74.410214304428	0.12831570021830077
2393787820_209428805_4	1436974641	944	61	20973	340	191.4778846789165	0.5789718338737768
2399043760_209525081_1	1437553127	7631	510	294102	696	144.74722640672724	0.256941751958931
3098118171_403265371_1	1437057610	522	126	4347	401	56.438745358044876	0.06503130757503452
2392491461_209588462_1	1436629492	962	37	15594	633	112.89508291057608	0.11485187263722893
2393512782_206425366_1	1437519207	1310	41	17257	338	252.34507305204406	0.4390315003173172
2398365093_208720700_1	1437192583	3140	194	54190	755	109.21580273558949	0.24693791630249326
3097471200_208759563_1	1437628611	1479	39	27185	443	108.46895288251083	0.15571364169326335
2392318031_212633193_1	1437366347	1674	40	36118	365	160.20673674364727	0.16949351602141297
2393312282_209052069_1	1436692438	6322	802	231854	1268	91.2655660209613	0.4772766882625588
3086023944_207365161_1	1437616762	4257	85	49383	1063	288.5249223259038	0.13050139748184633
3090915830_208484420_1	1437318117	1348	101	20389	507	47.00892119471695	0.11288974690962116
3099773335_208405248_1	1437556447	1828	143	40817	360	175.63487831462498	0.24087892246782824
3097039509_213760772_1	1437235973	15515	670	265106	632	144.1378759217497	0.2569646963552255
2399100541_210563591_1	1437228967	1337	47	13305	447	140.32240317759184	0.2756687061300893
3079469308_207770562_2	1436666848	988	23	18355	333	112.40199134147264	0.5349794827989419
2393385633_207930721_1	1436630733	681	12	7995	334	78.6609805647217	0.41917047907499017
2396037160_212343483_4	1436744581	485	89	18182	356	59.496012175741264	0.16373193589512608
2399554514_206890711_1	1436779532	1594	42	16023	931	92.07720177956365	0.13928991882993613
3004133693_207202822_4	1436947025	2448	56	17886	365	94.10683994600024	0.280082761915829
3089186738_210283720_1	1437624098	20239	277	75960	349	107.67806320929527	0.2916259982548242
3091276807_210276086_1	1436579550	9192	545	213366	468	211.62183395467508	0.50160571048852
2391844653_208905575_1	1437265084	1122	40	28902	378	166.66289518962856	0.39853145476642554
2399819402_523802385_2	1437276884	2047	217	22130	426	161.95983213014947	0.2983455075504217
2396026260_266043043_1	1437060253	2287	28	45859	331	149.55253746527288	0.11882336146947126
2394183701_209308374_1	1437494384	17361	207	83114	336	0.8820922927420664	0.0070598837950787505
2397240360_214243810_1	1437555435	6859	678	120043	859	129.63157914011202	0.5377642620334141
3073543938_211259974_1	1437449330	5188	54	70779	329	90.6877496672163	0.6538869469535324
3091012121_211896830_1	1437565377	2992	110	65947	505	209.15855257280438	0.2606242615297247
3097032213_208627588_2	1437321594	3863	219	53717	700	109.34906575481133	0.29319518860716315
3087901918_291999106_2	1436918409	1176	94	28261	398	126.40232575219397	0.23820479022963062
3078586803_207516086_1	1437464888	2332	517	111403	334	172.73877481249934	0.41126521734967
3091183832_207999794_6	1437044399	13375	628	266848	741	72.44068443852399	0.2795232740697873
3092634507_209625243_4	1437642656	2357	52	24530	475	74.85079038605032	0.3089235233760586
2398482821_209539000_2	1437172442	1619	91	57387	370	185.52684654882336	0.5030464852811912
3084042764_208923507_1	1437307966	2306	116	69433	619	161.22808230359706	0.21480652682315957
2391910884_209979880_3	1436742054	1737	29	13554	1065	110.10186606513817	0.0856515610573511
2391969208_207096988_1	1436663152	1068	112	26975	336	204.26263894695578	0.5086333918828676
3090915830_208380800_3	1436790778	1759	58	34574	449	120.86452946816783	0.17871255015863474
3099044221_213241473_1	1437325829	2626	2082	165087	335	210.24492153601238	0.2435727282512376
2397980263_224417033_1	1436498204	537	5	4091	335	129.77992800521315	0.15673592959444893
3072107639_206922800_5	1437016317	958	27	11549	319	89.6062992517594	0.40837706108261057
2390225662_208405147_1	1437618427	4908	129	39062	481	120.08010262091007	0.21547560995247345
2398545994_247991001_1	1436656170	6915	316	57550	524	298.6166248234876	0.20443885602814443
2393767093_209631050_1	1437198126	686	2	3108	321	111.19036935899736	0.06339157236662026
2394908540_212577548_1	1437408112	1525	153	34323	321	156.8114999086567	0.5101269124001022
3074499887_210205456_1	1436749902	510	17	8082	408	95.15941854506744	0.15672813747798123
3018514705_207634919_1	1437216796	11765	558	247817	991	101.0588209897216	0.32760979630994336
2394814875_209371096_6	1436963836	412	1	4619	327	133.61176920328816	0.0354742271801256
3007002513_206920586_1	1437479753	316	10	2491	313	103.90651539511315	0.08337407058468312
2396846341_207534450_1	1436966679	2420	56	56367	652	164.7516372970526	0.24253255285765782
3085361531_207617697_1	1437010853	937	18	8185	308	109.197251921362	0.4557326463768996
2392126777_210249835_3	1436697357	1005	97	18105	462	148.52079148862455	0.23109952104803771
2392295741_207792885_2	1436483313	1872	167	94347	441	79.1553395166756	0.28544589092465655
2393385633_207941579_1	1436716857	1204	17	13994	429	68.54388589380262	0.4239022119418688
3080244393_208409951_4	1437314708	2221	133	91009	607	159.58607167625863	0.3776949475944923
3085150105_251205242_1	1436704568	1514	37	22947	378	156.86967441645012	0.18142579054141236
3091276807_210597802_6	1437562769	5670	348	300390	864	128.89376936773525	0.3355927812226786
2392690320_209568388_8	1437522709	512	10	7977	305	74.462204	0.40803668
2399633012_209967779_1	1436494663	5462	260	181123	497	107.23821316963353	0.47858558865425077
3098118171_404231881_1	1437656425	522	6	3764	412	115.32718404796456	0.054844699789391646
3098194720_207492682_1	1437607119	780	21	8717	305	116.14670534099056	0.3205356583404703
2395019956_210672184_1	1436742186	966	36	8599	382	108.8190620695595	0.17028256202092512
2392010600_207782833_3	1437572718	2243	169	38049	357	121.18999492656634	0.7564179875687386
2393030560_209240336_1	1437220398	4422	124	70399	399	172.6605560661449	0.14425576408073218
2392734743_210030764_7	1436830782	3129	115	44967	623	200.69418204688682	0.200662114017216
3099044221_213176233_1	1436976177	4042	2433	189797	619	218.87221514555776	0.21848466585056672
3080261577_207211439_1	1436720457	439	5	3430	298	90.94764039098436	0.11084870422493101
2390828420_208102838_3	1436481694	9869	139	34387	362	106.8598543518344	0.3949961473246784
3085336010_209415860_3	1436688662	1166	18	8108	578	73.10149849657718	0.22604045705037518
3082910305_206937599_1	1437282970	2025	48	18480	770	82.99039927041512	0.3097463152000795
3097297504_409110470_1	1437611105	2275	25	21766	296	136.889888904037	0.4912183450428441
3098741504_211733293_1	1436960756	20060	1795	590859	601	198.37375996065003	0.4371149578002057
2397110451_212288700_1	1437460029	2430	224	94660	490	104.07696300051492	0.25686503195377774
3009566418_207728419_1	1437689017	3445	165	55499	485	82.79051556940114	0.3353756354911408
3092211402_210383228_1	1436757503	300	4	3202	295	76.00916641717379	0.2893796358359521
2394816920_208350157_3	1437776895	1109	126	26803	363	156.5736932455218	0.24934282721287496
3011315933_208766480_1	1436964111	3138	64	51909	576	214.9953499905409	0.2109306937798047
2391844653_208765737_1	1436569400	876	25	14489	297	228.4810344626675	0.31222050966763604
3073053734_209285310_1	1437351104	7480	589	189206	1105	110.9672418201871	0.3437558866731529
3082263885_207441211_1	1437720479	1377	18	11573	886	105.97225167802326	0.1615463435549186
2397980263_224488185_1	1437019051	360	6	4953	348	124.81639047988132	0.20548810213141067
3001171895_208441746_2	1436929315	1733	15	16382	290	184.93864443094128	0.2847650166276576
3010217298_208164368_1	1436689164	11970	705	428971	803	132.94338905505586	0.3597459745301501
3099044221_213071281_1	1436460660	6456	3162	275758	324	268.67212700100566	0.3393191591268298
2392126777_210419713_3	1437569700	339	43	5472	286	51.18930545853124	0.18629222073803434
3082058012_209782770_1	1437260675	404	7	3769	286	139.19862589910116	0.13798651388004055
2391441491_247010787_2	1436674831	851	3	8413	376	102.62738343764643	0.2066016969201202
2399075036_209836830_1	1436582509	5573	418	180322	784	81.37277294031365	0.3104771577847499
3072797519_208274429_1	1437466720	3899	101	34065	659	87.91788865690826	0.17405875639713592
3098741504_211641675_7	1436698990	487	94	41607	286	114.21191232745095	0.6306559577765546
2392432260_207679962_1	1437001458	2324	29	39808	313	129.65859408787875	0.14607625234768962
2390366790_208843005_3	1437266490	1379	297	54304	296	137.62849411795605	0.7318171457977103
2392318031_212461912_1	1436825167	4065	402	122280	456	109.6096516493951	0.28319751472178445
2390366790_208835217_3	1437188499	3056	191	75585	520	94.9877916190378	0.7413381594943271
2392432260_207653832_3	1436742834	1391	44	26156	567	132.09176993574678	0.13127301590869858
3097039509_213537180_7	1436545038	1697	135	77069	361	159.59355890742358	0.5006995592753438
3084870127_208954848_2	1436917107	891	21	10768	513	129.1958400096396	0.12425243588779755
3091276807_210547021_7	1437390385	2214	153	134304	454	124.33900345254662	0.4213178683136498
3019203689_211128847_1	1437408159	1066	19	7365	329	192.5506001977705	0.13528270620621516
3072837338_207278617_1	1436926393	836	12	4789	560	104.64334654632425	0.12364844709219756
3075206618_207616061_1	1436703163	2862	167	74921	616	202.26658655102963	0.18959138935192682
2398482821_209621266_2	1437516403	2057	27	29381	309	155.0781423125724	0.25700073452303823
2393385633_208014024_2	1437150214	1035	31	8415	317	154.8720952508788	0.09512828572483074
2398097636_207716013_1	1437399357	377	2	2743	274	98.84693198789451	0.08661852868201958
2399032182_214624158_5	1437048922	336	10	9288	276	171.4135160766957	0.07486443219316766
2395231144_211217965_1	1437695693	2003	40	26460	515	253.5136959088183	0.09004143215503212
3099044221_213141930_1	1436806554	6707	3346	246120	273	304.5792276227949	0.2789583372873436
3084229317_212185940_1	1437183632	7585	558	148049	563	174.64532931190456	0.3395497674300444
2391577481_206938322_1	1436781869	1431	79	23062	510	93.86244320553342	0.2672176919637758
3083052239_207431891_1	1437603178	466	7	3985	269	117.04429512392963	0.18476678036345034
2391975760_215759410_1	1436490846	1514	80	53336	302	165.06566103534496	0.4129060995331678
3083294639_208777093_1	1437754204	440	16	5480	268	216.89488	0.35605904
3098580324_207385968_1	1437053337	3973	290	133358	683	185.0919915278142	0.36784409935007123
3085336010_209516125_3	1437029172	423	8	3012	279	139.49686497151146	0.1422188106731258
3082058012_209629387_1	1436739033	545	5	4515	359	84.63312372262224	0.055671206689719664
2394027300_210595261_1	1437657758	1326	9	23141	276	144.51701252666885	0.2104030860332569
3005344372_207523506_5	1437263765	793	33	11647	382	171.01997503875825	0.21229044649093026
3086344188_206676907_1	1437633227	932	5	6573	275	131.5001762845902	0.14953628001979513
2392432260_207749386_2	1437519251	1012	14	10119	518	90.02009013415044	0.0956239687959171
2394825800_207293950_1	1437726110	1026	26	19965	341	138.95712101483582	0.12246934485644496
2394831931_210346068_3	1437040152	812	74	16872	397	155.7482780707763	0.6426889384895272
2391170465_212289404_1	1437039289	6046	343	105628	368	121.61223130559894	0.41533886018670796
3016057097_208628780_1	1437352111	2404	66	25347	260	96.61510617718939	0.2522184471349505
3098099408_208300746_3	1436694220	568	27	8176	275	78.10024676602008	0.47612493227538116
2391844653_209024889_1	1437777315	1144	30	17642	290	171.31477183884115	0.15599682716683852
2396518144_207859401_2	1436976826	8697	186	52934	375	96.33155021786702	0.46908280019706017
2398512141_214037565_6	1436880269	1760	249	149695	293	66.04530437979474	0.5795896042158135
3078237436_207523639_1	1437698409	896	21	12044	415	205.1280316388526	0.1422355482648137
3082502486_207081009_1	1437186524	937	12	7109	320	120.25977994720583	0.34605541842018145
2397491920_212533752_1	1436934514	7292	367	142793	421	61.774516987134	0.12260368188293584
3006024504_209839357_5	1436530653	874	67	17835	282	155.82600586268845	0.3920056691474879
3074548925_210229405_3	1437604188	4190	103	128338	597	205.8268410076261	0.20863049756067667
2393550064_207827434_1	1437468089	13240	858	336510	945	101.10172068011134	0.44711746162479377
2395050780_219978765_1	1436951687	977	9	10486	272	162.42042846817074	0.22530698939442798
2398694681_213227406_1	1437361892	907	25	8809	284	118.5438727553981	0.2676730283530548
2390350143_209637035_2	1437346931	2409	172	78570	399	93.07583948289862	0.27312950958075827
2391429626_210692732_1	1436611404	4359	295	84342	585	225.2538278128121	0.35962057113441764
2394473841_208006253_1	1437149673	1609	30	31171	260	109.03005672582482	0.37231644783701545
2396017720_208494885_7	1436619249	2968	181	81849	650	111.25727291259075	0.4488920802935546
2396037160_212585831_5	1437536842	978	46	13521	351	72.58923266589136	0.23042915722658153
2398097636_207744834_1	1437572506	468	4	3608	258	108.97260935732083	0.08014301093120862
2396015220_208666267_3	1437559151	2329	497	61047	289	89.45624408583764	0.3956112922228053
2396915182_208024012_1	1436871790	673	101	14881	259	198.33392800265563	0.400168823434481
2392014380_219742938_1	1436703621	11692	2006	280130	292	77.03248971291906	0.5888699175918481
3000199652_207173217_1	1437256905	4417	467	97354	789	141.4107191632287	0.3028085378523781
3091012121_211916673_1	1437651748	10095	1249	227913	531	128.5991007984033	0.4445653397945173
3089869423_209396866_1	1436457580	1663	29	20864	374	139.56472997916774	0.12236536996878851
3091259027_352057006_1	1437224076	1006	58	42857	250	110.40052311970724	0.5839439778648109
2393385633_208023885_3	1437235348	1055	19	8373	327	126.77120830767484	0.13296094273106063
2398938873_208124455_1	1437193215	695	4	6482	268	89.99454215664709	0.09852518219785136
3007034929_209164451_1	1437535021	1376	68	51401	343	89.00432948575325	0.24045414814114813
3092916211_207639346_1	1437788985	426	1	3418	247	92.99648	0.10353866
3098118171_402965871_1	1436886068	6062	410	189557	1035	115.86454344326474	0.32921369386532373
2394484390_208591467_1	1437018837	758	27	8551	252	98.84113375299711	0.4648818807360592
3095675205_209540786_1	1436925116	12714	1167	359852	910	192.60982462765298	0.37335639777856267
1430228861_207610768_1	1436761762	8157	307	235200	325	142.42302542437264	0.19653736238030917
3081326227_209274573_1	1437401749	3636	147	54531	683	102.07911464859612	0.20846958484516662
2394206322_211679363_5	1436958898	703	20	12837	256	158.9106035184492	0.1905064516040895
3086079937_215627805_3	1437522761	2410	67	26951	243	140.5379113857639	0.2413978332268552
2391975760_216231145_5	1437527652	955	52	31498	247	122.1392259324667	0.5672831744057278
2394083100_209596008_4	1437626464	4602	351	85216	494	143.34809562495872	0.4638778952898363
1430228861_207660871_1	1437283486	1836	35	35797	246	325.2472971756468	0.1145951607457845
3077301201_206232766_1	1436828818	2175	13	18943	243	128.80655207307072	0.13415129603790557
2394206322_211826224_4	1437560863	6812	214	156992	526	114.38817309110658	0.27448591733553823
2397138200_208260173_1	1437276482	2775	116	44296	529	241.10106112392032	0.19799777597970036
2398097636_207757770_1	1437688567	2078	13	21611	297	136.01451418049487	0.21712446528173218
2399112600_208845355_1	1436673761	2484	83	33126	392	131.72658198311288	0.17453414439100284
3098741504_212027024_8	1437652055	2671	202	74450	475	164.82006333619003	0.3241796514475783
2394131000_209083043_5	1437650160	970	29	17998	238	123.63422099032829	0.560564807513325
3005158114_212344156_1	1437363263	816	32	12261	274	186.5554166007758	0.12143499401047476
2397212754_207559767_5	1436743284	1832	113	35092	325	155.14770556686312	0.2390696775757426
2395078472_207599590_2	1437432749	1250	43	13071	375	102.69295312261202	0.32444327013083035
2399043760_209494255_1	1437352356	1752	102	110243	239	126.55309254122815	0.1863376533524271
2390772120_209005339_1	1436500290	6181	32	77232	241	146.85207512503948	0.21739176717754496
2392107164_210002307_3	1437049917	1863	109	41294	247	243.17307321595825	0.33226625627290934
2392435780_211618310_3	1436864704	4348	1307	249543	604	114.1165308231415	0.33805359478049174
2399032182_214624158_1	1437048922	1070	58	80420	234	107.73695958226547	0.22648613693304984
2395231144_211217965_4	1437695693	853	33	9108	257	106.67595594240538	0.4556417810536441
3080043700_209453950_1	1437355291	9566	691	217203	833	95.36739867717576	0.3805849264392074
3087614711_208595381_1	1437771044	3118	134	45693	466	200.8202743537293	0.25365500547473585
3098814021_214228501_1	1437638976	23849	264	95816	573	86.86437637584872	0.3442807972547614
2396451920_208742257_1	1437477188	1450	47	37394	426	128.20811314940258	0.2605765767616315
3099023208_210894524_1	1437352868	6040	477	112646	611	256.64915072092174	0.26269911753966707
2395083762_208648975_1	1437151281	2850	89	53666	274	128.42577926465307	0.17248439726922865
2396614036_208480884_1	1437281278	353	29	11305	231	128.60705800474224	0.3144487685957671
3089186738_210112916_3	1437451377	12691	458	167557	767	92.80797608614847	0.3076445616119238
3094313410_210735883_6	1437519144	2193	121	99314	500	122.05063884920779	0.3748868923913396
3095167805_210491705_1	1437036460	842	16	9578	230	152.78314181724235	0.21402077039178716
3006494600_208766657_4	1437223096	465	12	9362	229	224.54400204730723	0.13751653317986667
3091259027_346853188_2	1436618324	953	63	38093	229	101.56265	0.57648164
2393312282_209165036_2	1437218445	518	39	18679	229	194.745378926856	0.42253763065876276
2398512110_208372895_1	1437324245	39194	744	358404	434	127.02704293333099	0.32675026256336537
3090054335_212096984_2	1437369841	1308	102	29045	307	167.04326036231424	0.23095955753362332
2397980263_224600755_1	1437623359	411	38	19967	243	89.9493066540574	0.4087577115098896
2398808660_245363939_3	1437465556	8580	392	141676	595	103.96425390415546	0.37091905766061767
2398539040_217061057_1	1436777748	549	26	6952	229	105.49091010383943	0.7915839292495369
3005344372_207413362_1	1436487512	1606	48	81017	239	210.15998391581797	0.10627125516913262
3097471200_208679291_2	1437274300	427	13	4661	235	93.77692385793776	0.2922940586885243
3082951829_208396731_1	1437235224	6236	718	82516	401	127.18189056792788	0.40422072610926785
2395704424_210428254_1	1437615907	1548	132	21597	247	144.47162040947086	0.4364955604107856
3085079035_209273748_1	1437293860	943	39	13339	250	162.9344576539204	0.39430445206255593
3099086516_209563657_3	1437215808	1109	62	22494	351	92.42416463147212	0.22070752623285206
2397778920_208973659_1	1437379757	1800	147	43479	373	135.90069266718842	0.3072855191178552
2398576242_208789682_1	1437686997	3054	123	38170	337	181.28018985767505	0.27938822346602715
3091276807_210354594_1	1436787917	19089	740	333518	630	180.67243794068088	0.4243456946478035
2392481593_209340866_1	1437550234	1106	16	12071	228	175.59823941488563	0.27396369645874086
2393385633_208023885_2	1437235348	1162	82	20299	273	127.99253811926	0.1796530215654488
3090915830_208580375_1	1437745103	1386	18	9627	473	123.42700124452305	0.22670302372916948
2394003220_214621079_6	1436685699	5863	65	121768	220	100.72608742148739	0.28584931550856973
2397030580_208671058_4	1436948547	4365	118	65539	279	129.61061950443616	0.2150951352554756
2397980263_224575758_1	1437445921	513	4	5143	345	149.48041465043084	0.22613538871392555
3005106710_207496612_1	1437536037	498	4	7047	245	109.45670287910693	0.1416679885666227
2393230888_208804985_1	1436572982	4521	1785	89652	223	237.20522234061107	0.6411217031763412
2394997011_208173951_4	1437713944	304	1	2617	343	83.70482140116052	0.09007044756285412
3003137975_209198743_1	1436665926	1758	58	29148	220	153.8101417682984	0.16799584411751436
3080244393_208515637_5	1437659477	2726	119	146279	509	114.06786921050602	0.23356920273235462
3090136400_217018451_1	1437314696	3833	370	113283	445	185.09069498332508	0.3904329135409101
3007041919_208786675_1	1437801450	1043	57	17787	262	167.08248419161006	0.16461526585553699
3074360723_206414729_4	1437524419	973	32	8391	224	106.21544528131079	0.1885031401534465
3084870127_209039482_1	1437351602	731	9	8743	226	210.98979801219073	0.05650209018425834
3087801888_210777606_1	1437728517	735	31	7579	218	139.45745195823247	0.7198839648630071
2396451920_208611841_3	1436788348	2660	120	75630	393	132.16008659000258	0.18681088620318362
3086211023_207529630_4	1437580841	1214	89	50712	420	77.86670942001628	0.2580002240468435
2397003540_522665438_1	1436955991	1576	108	50977	273	103.29712467397856	0.22654075934420528
2398562840_210061546_1	1437408287	388	10	4276	216	189.35767954188555	0.3586306345121996
2399767061_207998594_1	1436792355	4217	212	87156	522	138.4507021229973	0.27655461139106696
3072107639_206859809_5	1436581362	1265	39	13817	218	113.48938249381027	0.2725133358025973
2398512141_214171715_6	1437655055	4133	187	50159	429	96.76937041949448	0.2964755145306515
3076392209_207937110_1	1437211851	968	15	9488	214	143.5534827726189	0.2383956490760157
2394131000_209050535_1	1437474637	1313	37	36967	221	104.85191601273836	0.4584747528582198
3084229317_212245775_2	1437360349	2846	268	110065	367	96.16726881297654	0.4119460035145522
2392481593_209355570_1	1437683758	1556	43	17006	215	137.26521533140073	0.2220823248702914
3094313410_210615507_1	1437000286	1685	51	64087	218	1.1964992098531835	9.83868313863709E-4
2390027440_212518715_1	1437824599	1191	30	21983	235	122.5684956969274	0.29235125123403793
3080244393_208285513_5	1436534324	543	19	22689	247	90.29377726026503	0.5942413834039311
3013489315_208001015_3	1437396138	266	11	6366	210	62.32239414402045	0.7974141473976066
3084109105_209522846_3	1437566856	2785	64	20174	211	69.3146457209241	0.7295083498523828
3088300933_219803767_1	1437000856	454	6	3625	214	119.92028280900368	0.15955125484763327
3089927308_212940362_1	1437452339	1955	88	53392	210	174.97015748604818	0.18230791289561407
2390772120_209523522_2	1437795312	851	5	5701	209	84.02796274046737	0.12476153518974985
2396341243_212251741_6	1436793077	441	6	4556	416	60.2056557051538	0.08844743740162755
2399501768_209882738_3	1436954460	4174	70	34954	218	79.55945581349148	0.44426272470562356
3074225714_210502090_1	1436528186	1398	39	16787	285	100.87927664695312	0.16598180824767608
3076032826_211403278_3	1437567077	509	18	5745	270	96.1438712049291	0.12719075064722637
3096309512_308673724_7	1437480762	1316	72	30238	254	128.5226006848862	0.32285530651655225
2399043760_209461667_1	1437044351	2929	145	91725	224	175.49711624461565	0.26750858397545824
3094271304_214975708_1	1436750122	1459	25	22524	208	145.73447276324637	0.1389326347764153
3099270615_208954748_5	1436931147	1603	725	38396	392	149.74568018977894	0.36320472497047107
2398043824_208760199_1	1436834380	365	29	5771	241	86.20321598329315	0.3850992153656945
2399715700_211039353_3	1437737682	369	19	14826	223	85.41488657155048	0.20916731741410666
3086760212_210574850_1	1436654170	3822	304	82419	341	100.5520001221421	0.6604203645594249
3087030803_210383360_2	1437198469	2092	154	39893	238	80.13761723646195	0.4742796466392632
3087371729_206793101_2	1436484132	4948	232	74748	385	173.76524286400775	0.2534152288186047
3091183832_207999794_7	1437044399	864	23	15532	385	75.91350665501777	0.14899250643625303
2394627035_214558071_5	1437311995	247	9	2634	276	51.646805433202566	0.4353499607586999
2395686232_209696469_1	1437555504	6077	192	53828	308	74.16923667699281	0.250902809121016
3014147863_209769245_1	1436826413	3387	496	191924	323	102.60034036518856	0.3813596961643207
3083200738_208731494_1	1437466023	1432	8	13851	227	80.65815880114096	0.0649878266220842
3092211402_210633994_4	1437754046	251	5	1881	205	115.50395649708987	0.16755617645657245
2391320846_208835825_1	1436832330	1618	20	11042	204	117.1565944666221	0.5073002281298703
2394857974_208412491_2	1437029871	268	1	2504	204	117.05448806055317	0.15346933960583545
2399032182_214686596_1	1437313687	5117	331	172934	570	90.7201177051266	0.32764750334806275
3087378112_207098738_1	1436882334	467	26	3672	205	101.51740441829367	0.49917070774003747
2396133840_208834119_2	1436916567	6281	141	106761	331	82.86910726810794	0.2605048578741286
3082058012_209606594_1	1436651112	472	9	3512	293	115.54781592690134	0.057100885759467944
3092916211_207424676_1	1436719292	2725	122	51691	331	108.99346014109042	0.2296453583031176
3095167805_210095732_1	1436950629	3275	90	84525	205	166.39103823798425	0.24292983918660419
2393404252_210977546_1	1436533287	803	14	6938	489	89.98720922074634	0.16562809134006576
3097039509_213640072_3	1436804340	8730	543	196985	615	176.02719207241296	0.32274563467676753
2391699153_209881616_2	1436742163	259	1	1461	201	176.7897343466486	0.22262182860528099
2393038910_208380420_4	1437753628	3468	159	89791	279	157.44492588145587	0.2731670161079383
2667802540_207660772_1	1436933119	1133	49	21675	284	99.26619649324758	0.1776854452672104
3093585780_208663475_1	1437557893	2679	75	34181	213	100.60341621415817	0.2864891710962011
2095329301_216364816_1	1437185006	2618	52	39303	240	221.86373945420925	0.1572720239357763
2397038856_210385167_6	1436870127	436	7	24759	200	109.33889398783022	0.09680477465788082
3098118171_403109908_1	1436970213	239	3	1680	200	116.35695793184489	0.044001305428907164
3232019802_211450781_1	1437798123	362	9	3380	219	104.33688539695723	0.25401406820490763
2395648834_208222987_1	1436920285	2198	43	26173	562	160.20839364365526	0.2366746230093465
3097039509_213690738_4	1436976555	3541	309	183877	408	116.68278456583664	0.3849488983916009
2399042612_207772602_2	1437273069	368	0	3411	210	112.836965	0.0553362263539604
3014372171_208845806_1	1437558671	524	14	6071	201	129.84304254872626	0.4462286933100212
3072005303_218459636_3	1436587670	1502	30	42565	351	132.3749213712763	0.21799325494778352
3073751570_209552075_1	1436874536	5746	52	20529	215	78.82441293647014	0.22646409494758044
2399118281_216237470_1	1437562359	1932	40	19608	386	76.41996859149684	0.167693687948355
2037335921_209408323_1	1437644192	625	16	14713	197	150.97067903816563	0.30899393642167017
2391975760_216096215_2	1437221174	891	56	52006	249	127.90073391425851	0.4667802667148632
2396026260_264739818_3	1436974680	3993	42	53212	366	195.61802831557225	0.09262651919654483
2398293244_206450911_1	1437038791	337	11	2518	214	87.83249321502718	0.1811307868415202
3005158114_212328210_1	1437276167	698	5	6204	199	95.17434917049461	0.08002223193956229
2394811973_207222806_2	1436568082	4530	312	144980	1027	68.48167205314408	0.3658311033260345
3090012996_208426529_2	1437463482	1162	31	7281	195	98.70632217814094	0.29599193904268745
3098908535_208968615_2	1437828744	4787	262	43230	198	153.7441491442364	0.5275643968716022
2391386644_214796905_1	1437726478	2199	147	120897	524	127.58108378197971	0.43812680523651365
3099208223_209614948_3	1436777659	1050	71	10181	195	94.79095071031489	0.7979020257947248
2392435780_211774588_5	1437382115	3565	78	75221	250	215.41366074404235	0.14181923115186834
2392734743_210030764_1	1436830782	488	12	5589	224	134.55711678581645	0.11821102269653098
2394814875_209298149_1	1436627691	2875	246	73915	535	202.50221805200812	0.26475476594111563
2394951571_209350366_1	1436582071	537	35	9727	263	157.82539383806383	0.30573960820251694
3004255353_209126773_6	1437286216	550	29	7432	215	128.90187355149473	0.6060841296303575
3078237436_207523639_4	1437698409	456	4	4362	303	121.11299346635644	0.1746065203042758
2393385633_207906556_1	1436457830	681	5	6208	197	116.85012416026878	0.24543199817075254
2396026260_266751672_1	1437580547	1076	52	25591	198	8.394899068338963	0.020195444312232445
2396846341_207582407_3	1437382113	1118	45	23328	411	190.8432899912913	0.1448887787400117
3010258873_216267053_1	1437745877	3508	19	12732	191	82.55739042397889	0.1281889753129368
3080244393_208356909_3	1436968624	519	20	22414	193	107.22119719174334	0.5150036588129419
2395126508_210923096_3	1436539196	1055	73	10898	258	86.14496386849966	0.17103996359735385
3082763934_213957992_1	1436644974	2159	274	36727	226	243.2103842069484	0.2623636755383384
3084229317_212074550_1	1436846600	1726	106	54260	330	159.61408144949365	0.18605885800647404
2394131000_209083043_3	1437650160	569	15	13431	194	117.76373158088899	0.5095196810436904
3082326015_206529225_3	1437606804	175	9	2270	189	103.00247378516106	0.1779784907943566
3097689911_208734212_1	1437348516	6100	425	69277	442	266.850162583633	0.2966342820847737
2393385633_207954590_1	1436803660	1850	83	19590	274	90.28802766767727	0.26617378849873485
2394831931_210441567_6	1437647246	360	17	12349	188	113.84175	0.54858226
2398512110_208247179_1	1436717172	43860	883	390995	304	27.962409568606393	0.07893903595682585
3076382925_211179097_1	1437483645	1791	56	19578	226	80.08863554077064	0.27751116256402075
3091276807_210636672_5	1437650725	1864	140	137574	358	124.43064818035103	0.3472825718425813
2390353940_209192532_1	1436954201	650	19	11985	302	149.72446450563098	0.21451034337790084
2393037141_212500974_1	1437000523	3620	320	252449	420	101.89221886307135	0.3703738145566589
2393098440_207086698_2	1437217059	6081	633	108223	797	99.48802054714997	0.3104635452822287
3090054335_212000113_2	1437023239	2169	169	105663	305	225.47146923399464	0.32339487845517345
3085336010_209389926_3	1436525655	2220	76	18492	422	74.45668693927867	0.574497011722969
2390928264_207370507_1	1437456953	1141	39	9236	199	76.37203959576196	0.3952390932022439
3018100253_208836707_6	1437570149	634	47	20445	344	149.413851642286	0.10987581257697467
3090136400_216934451_1	1436796646	1143	47	18260	214	142.4050611764762	0.22643531844218798
3097332730_208059935_1	1437050007	885	13	5537	405	113.81799775531923	0.07651711865225738
3092178834_208062481_1	1436780504	486	18	24135	182	87.7705235133662	0.3840804038770745
2393385633_207954590_3	1436803660	434	10	4534	189	103.13151791594305	0.22377261480605565
2393738828_214399908_1	1437400400	1362	52	22073	208	126.87674315904003	0.15424305446884906
2395317041_207645461_1	1437284785	362	4	3276	351	95.60609864898964	0.09130894464562649
3076941027_206998840_1	1437196652	353	1	2151	205	99.41011241298229	0.08032762375163406
3083802835_209719316_1	1437442727	709	44	14785	184	235.990913641624	0.26740744967359453
3010217298_208226660_5	1437214292	256	18	5802	180	105.8950424683913	0.7523330839335275
3090136400_217101809_1	1437736870	1186	39	30450	255	126.04135141425508	0.2172306831543289
2393283460_250934864_1	1436864590	1623	179	51870	185	71.16911956104133	0.41078700079285324
3098118171_404515978_2	1437835049	231	4	1914	178	91.633675	0.0973607
3099583660_209933323_1	1437792739	958	26	58370	178	91.94140728749443	0.21854924134401424
1240574601_238810706_1	1437291518	3736	841	145213	283	108.59364217047407	0.4133323673060064
3097471200_208596821_3	1437018664	1996	19	42404	177	69.96780437135611	0.29213565900329447
699115_212068138_1	1436867208	1682	80	60247	177	186.71548775247086	0.16533362942036764
2393037141_212602994_5	1437604843	5026	64	70724	292	154.81278924088312	0.32621917369293274
2396377860_209721121_1	1436666195	555	3	12881	181	194.28363374240158	0.08052832141388808
2396393582_208608880_5	1437807354	1689	136	83856	331	155.1620386024444	0.29544648013278685
3071712628_209095481_1	1437190981	600	31	21896	176	174.71623311147522	0.18622120871828748
3078093273_208683094_1	1436614817	409	10	3993	338	75.412983955826	0.12784557009606945
3084215435_213396669_4	1437263750	495	15	5118	195	118.48140907870868	0.3427867157392598
1275451641_209318977_2	1437654633	917	41	13603	209	202.66144728924053	0.2358979637694779
2396960453_207696042_2	1436457520	1168	29	21734	251	205.4142508439497	0.12980774154718588
3015308963_208550098_1	1436664512	306	64	7522	175	131.51456	0.57991135
3081258701_212014240_3	1437835812	4789	291	124778	619	78.05548621915744	0.3444262235883446
3085336010_209554966_2	1437196480	923	23	8505	383	82.9788152680717	0.2673614949003814
2397491920_212533752_2	1436934514	1483	144	34298	178	82.79957815361969	0.38272422132386874
3082239232_208998211_1	1437041044	322	0	2459	174	118.70928593951615	0.043472030385483876
3087901918_292204603_3	1437188499	253	3	3758	181	129.76180252351642	0.20451014153627686
3091183832_208141078_1	1437739066	2817	180	57288	333	115.04776979792972	0.21336042259992996
1240574601_238800254_1	1437269624	3218	1274	112307	242	20.854676587125528	0.0891559716344365
2393404252_211035691_1	1436970319	359	4	2570	230	85.85812899708979	0.18268104325003917
2395648294_207958325_2	1437321073	718	18	5404	313	102.01697121823399	0.11603148261253286
2390772120_209384594_4	1437017604	805	57	16057	186	100.56532361478229	0.42798459608033296
3010217298_208156778_5	1436602356	219	7	5292	173	97.0045595124269	0.714722820618678
3085047124_210779412_1	1437534510	1086	9	8017	174	107.43952171349378	0.13063199664477723
3099583660_209907520_4	1437658638	879	29	40115	296	147.0200820619157	0.1331789875493811
2392318031_212427018_1	1436741944	1812	64	39410	227	138.80491718995836	0.1708663287152191
2397105300_212292769_4	1437738387	2712	152	74389	378	183.44914965592383	0.21316385769173896
3095167805_210095732_3	1436950629	635	12	7206	172	116.17456493580588	0.2037850880723191
2396450765_213430936_1	1436786980	690	38	11167	175	127.22568912757045	0.42411334130627754
3000281538_208460291_5	1436740850	4502	111	58058	266	76.15327656443223	0.2985543338130179
2390052661_208760107_1	1437409108	600	26	5896	172	175.2829937272462	0.29483593098126315
2390377675_207584303_1	1437012203	1418	34	9078	187	73.38305558114048	0.45539744977321706
2391975760_215862825_5	1436750042	573	35	30109	168	100.16438503585866	0.5864337679659024
3097058130_207018148_1	1436698843	1315	28	16231	172	200.16669783525802	0.23499046364591653
2392572033_207910934_1	1437483766	289	9	6000	181	139.08613315648614	0.09116814161017849
2393404252_211129174_1	1437562108	380	2	2773	167	80.71739	0.2881687
2398562840_210132060_1	1437778550	400	8	4246	167	147.49733	0.29568288
2398808660_236639977_1	1436920586	2553	130	30216	178	151.6434259497281	0.7043071447034207
3007002513_206832753_1	1436705692	172	3	1769	167	116.9390638504778	0.38603048393479483
3015101506_210670089_2	1437262579	1259	160	66892	364	165.5708073406002	0.29678704462364386
3088341662_220289363_1	1437327381	2042	5	9506	167	0.0	0.0
3095167805_210095732_2	1436950629	800	38	14191	223	128.5499222837979	0.3848514505470779
3098741504_211588887_8	1436528933	1148	129	84262	276	97.62635264673855	0.4566556095870669
3099042261_212588356_3	1437011802	2824	244	50360	328	68.93277076072899	0.29417331384519796
3075279829_208839218_1	1437804344	998	33	13623	182	200.00886223279994	0.21054138951015505
3087278601_208328223_1	1437387056	387	10	3101	170	150.49635567361898	0.21797047036508924
2390504564_212512506_1	1437581852	507	5	4651	176	114.22190554275166	0.18116948946830075
2391125572_207877602_1	1437192112	244	6	2706	170	118.14282444240226	0.21492164082022938
2393312282_209175221_2	1437294477	1022	98	45740	173	129.72832976814132	0.4300158828672563
2394555434_213076038_3	1437292760	624	53	9667	246	179.77822352481937	0.3252483932337062
2399031140_215041005_1	1436589513	1240	89	43406	167	240.23257471895792	0.37995932197864246
3080261577_207354955_1	1437754874	400	6	3100	199	102.07072339065861	0.1434752773286058
3084870127_208910419_4	1436657452	492	6	7352	165	220.96548	0.042309526
3098044524_208049275_1	1436483681	4634	323	47870	183	195.70479319221627	0.674870243360677
863311341_209123678_2	1437699308	1182	131	31816	165	90.64389995627512	0.3119869779780866
2394816920_208245474_3	1437036370	626	54	25678	194	110.38180251167687	0.31232551618506316
2398669603_534850002_2	1436716855	1369	21	8624	383	114.39657690717641	0.21522303837025283
3092178834_208092788_1	1436956983	380	45	23664	164	161.2582173953816	0.48455993836109545
2390116792_207415767_3	1436869580	514	23	4862	226	102.24403471397768	0.5606645745372658
2392295741_207844509_6	1436911619	406	7	3015	268	92.88575001902998	0.061768502959299115
2393404252_211114923_1	1437470072	466	16	4503	174	152.31610914272082	0.1366414334093546
2393512782_206399516_3	1437349610	721	24	10560	215	103.85959072409013	0.21590516722095182
2396341243_212483593_1	1437403009	1788	162	143351	168	119.42357027915749	0.15358321477133852
3004255353_208969131_6	1436534449	7996	572	203884	744	103.68147075913377	0.29082026545425615
3078237436_207511129_2	1437612356	1623	526	36085	554	124.44909163899611	0.18941237979626208
3082277278_206873678_1	1436875861	158	4	1052	163	170.20868	0.1718919
2398512141_214193170_2	1437745703	1164	57	15129	178	230.9240023440548	0.19739027056408173
3014147863_209828217_5	1437341643	2441	154	102089	249	116.2447554809543	0.18937023920931145
1240574601_238764215_3	1437178938	3248	911	117608	170	141.72461580899423	0.37190397263336283
2393359640_211282963_1	1436942753	3708	67	39650	167	136.66527295002862	0.18510931131718253
2397332292_207552587_2	1437235596	1357	69	49170	350	131.3922449596045	0.406882495482164
2398694681_213386599_1	1437706646	438	22	9356	176	173.06609593044595	0.23388468345583485
3072107639_206947866_2	1437183483	953	47	7709	168	118.66581613705965	0.45570377142082863
3092313329_208635278_1	1436864291	213	8	6297	197	91.4578021090065	0.33883516362663846
2390830044_208682503_1	1436585765	740	15	9207	169	138.17572419997632	0.3399041274182154
2398043824_208653034_1	1436487233	478	21	8314	177	133.08069014164082	0.290033338338888
2399031140_215313704_2	1437285057	435	28	20423	160	125.12468519384572	0.37291818766423757
3005149160_209977667_1	1436953721	7242	77	77255	278	137.83913257205015	0.20129319821418576
3006111794_207862498_1	1437357599	421	3	5490	163	137.65909227591163	0.43958304756601396
3009566418_207545585_1	1436659212	568	6	5392	160	121.10984129837578	0.14662669051089638
3070313410_210382797_1	1436753896	2483	156	78332	301	66.10877526537968	0.39541691038666227
3091276807_210493419_4	1437186150	2064	163	72687	379	202.71638876857043	0.3965724576536735
3086663633_223257077_1	1437709654	264	6	5141	184	120.13148079165178	0.10916959029258626
3099334822_210874725_2	1436848106	808	58	13279	225	199.70743779518446	0.2210643356024575
2392830833_208275898_1	1436844529	1985	125	29283	158	82.42497123845109	0.8143041971732335
2393038910_208120800_1	1436976029	6624	292	172138	212	151.33923227993427	0.4995842379135515
2394092091_208005517_1	1436629778	3020	185	57726	353	64.19071625435532	0.2834579200826853
2396025047_206283386_1	1437644907	1241	109	46874	187	115.02550749992477	0.3283832434739253
2396377860_209902301_1	1437550802	400	12	13390	161	171.2022000867796	0.13260365285291675
2397980263_224471053_1	1436928738	558	22	11510	204	136.21857586612384	0.20704474363313838
3019203689_210726441_4	1436544214	172	5	1174	158	77.65662	0.13592233
3078183109_213678264_1	1436692767	3301	256	38373	207	43.87115473795315	0.4441510698830863
3089024129_206933438_1	1437355112	5945	116	38956	207	220.90665911350538	0.2900286655851849
3093633625_209047405_1	1437636313	3217	151	123718	356	99.87263148544758	0.2848945064649306
3098741504_211955371_5	1437478585	719	93	51874	166	270.72229829970684	0.21778001113309867
3099208223_209680653_2	1437037965	787	12	6121	250	112.53816492758563	0.33303014254502145
3099599797_211698173_6	1436574478	2176	123	21342	439	111.10620767921506	0.2101791857274167
2392126777_210269419_1	1436790408	3040	204	53129	334	85.26026729118496	0.2971823056840262
2392563384_208402479_2	1436915194	239	3	2520	157	102.24353	0.46301132
2393404252_211151408_1	1437723055	1721	57	26269	173	165.72951987621707	0.38104342915401096
2398662764_207498635_1	1437188446	1028	16	7451	504	107.80195499975852	0.20543865269690045
3091052301_209409797_1	1437197477	1855	163	51081	416	87.78754359461799	0.24399231481764888
3091052301_209514973_1	1437792376	514	13	7714	192	143.41205156328874	0.04817691480056267
2393512782_206395883_1	1437272930	2632	209	107481	272	146.359836309402	0.33806526156516015
2396017720_208610488_1	1437303944	695	126	36292	184	224.2946105070402	0.34284974096582443
2396772942_210285288_2	1437603980	436	14	4591	214	126.93392093257519	0.09209515110593065
3098741504_211955371_7	1437478585	416	99	48619	156	75.039345	0.5947811
2276745981_212911219_1	1437656887	2057	87	40469	257	98.21138156168061	0.33380469759658793
2392295741_207884196_5	1437258960	339	4	2279	155	58.608511431679716	0.24458900394255875
2392429740_210454037_2	1437523144	1368	90	31718	321	123.7887966487517	0.415689795200783
3095202124_208173518_1	1437234700	970	33	17120	351	111.65436930657093	0.2922200573951989
3099014966_208166408_1	1436466759	556	16	5429	216	121.43695902695309	0.08618759582362716
2393404252_211053442_2	1437054744	289	3	2110	218	80.37146263812134	0.24247612214484898
2394473841_208093567_4	1437494529	493	8	4305	180	112.09916746646067	0.21050613233503285
2397690504_216199853_1	1437344272	2329	109	58686	484	111.98513564833017	0.17768581554440918
2398694681_213313228_1	1437532380	671	34	7357	157	198.71781722941046	0.26503585843910443
3093097020_208065302_1	1436669881	502	6	4510	154	140.35817	0.15109034
2398512110_208424615_1	1437514757	71766	1380	568727	456	17.90466150824129	0.05033950088402871
3084870127_208920645_4	1436743466	221	1	3338	153	149.96213	0.02244389
3084870127_209017795_1	1437184742	544	8	7305	191	161.22105533396683	0.06359947128497337
1240574601_238606521_1	1436835547	2850	668	93823	169	0.24652300455471265	0.0013835114696679712
2394229141_206663902_1	1436576790	2204	94	29958	162	213.9886729467568	0.3075781967012462
2395686232_209711752_1	1437636358	14536	611	67775	165	54.06836766808693	0.5528202266835721
2397772368_238875821_1	1437178613	3278	121	39620	364	119.28403431501017	0.308415186345949
2398562840_210090102_1	1437618620	298	2	2676	152	140.5060447310596	0.130352760041763
2399032182_214516463_7	1436619113	2445	122	56935	247	90.06274216201088	0.4336400599529915
2399411200_208225568_1	1436623557	228	5	3357	153	91.77171266064288	0.29270215853521414
3013216459_208630282_1	1437548143	814	10	9828	174	108.69472116608819	0.053348247265089396
2392412105_208351829_1	1436886514	2177	57	34592	190	109.8923616963282	0.17244502620471552
2394555434_212983986_4	1436687041	321	14	4427	152	136.52062915651572	0.6738071405482516
2397427280_250226861_1	1437358832	1029	117	52603	156	131.91135510104547	0.3028745293536264
3005013426_207802566_4	1436491427	4463	288	58376	162	382.69461766933	0.2733244243443778
2390045060_208785651_3	1436889532	2330	398	83811	254	126.13365364565871	0.2738525767679157
2393491282_207683071_1	1437757420	1822	640	43989	150	220.57611803029818	0.6590469787936473
2394401702_209904709_4	1436851081	341	8	3474	151	171.03993662836314	0.313857746179098
2395927121_212485395_1	1437558337	584	14	5395	150	86.96706705068392	0.40901649451694233
3017168254_207814015_4	1436879158	724	26	11040	231	107.38551155931668	0.28826252197951774
2392119325_209157442_1	1436618731	2967	162	112952	475	107.17125969433074	0.30384964204210496
2392145483_208466634_5	1436852214	1772	151	35632	367	144.68590850775075	0.4950629630438164
2397783483_208389907_1	1437617105	9854	255	59795	287	76.25968062162494	0.4207105850787438
3070219401_207139035_1	1436486737	6585	47	74901	219	159.58117751959583	0.17955167511503184
3085150105_251734561_3	1436876149	2892	352	90242	407	71.68961091630197	0.2811594848083884
3085336010_209571337_2	1437290356	388	10	2761	158	85.58410202679802	0.0995817094339634
2392031141_207604593_2	1436519178	1086	36	19930	292	70.46554679796228	0.1995538212889942
2395099604_207663074_1	1437692209	8242	107	37453	148	75.85794278777377	0.27253936875879564
2396026260_266706616_1	1437407574	1288	63	19294	206	89.57444775497574	0.3581692580103666
2396037160_212343483_6	1436744581	471	24	19600	177	31.95252217313583	0.38327509525698045
2398097636_207657536_1	1436969432	167	22	4140	148	32.119663	0.7603899
2390828420_208262351_1	1437692171	9181	135	27486	166	1.3639969733682704	0.0030643630536434483
2392326421_209743871_3	1437182717	400	10	10092	227	151.08260795511137	0.2859151718643019
2392412105_208328034_1	1436716584	3072	270	79701	315	193.421467726466	0.19017102188780904
2394131000_208953608_5	1436872487	343	12	10689	152	153.0015331993023	0.38345382234665937
2396451920_208658515_3	1436873942	617	20	15999	150	95.65634779667484	0.23802552793544207
2396910823_207627037_1	1436697362	999	10	10523	147	181.5149451732979	0.309453671103409
2397491920_212400227_1	1436536467	2210	659	137467	222	124.70609769152529	0.5107366145988974
2397839814_212222658_3	1437307965	1664	119	24481	446	108.81191836040948	0.22930718527945776
2398512110_208396299_1	1437427332	20406	353	170540	180	14.872378874858478	0.01709533177016972
3011007244_208358265_3	1436831095	3801	683	130772	542	281.5885386092757	0.1846618525801703
3090112324_212489395_1	1437618718	396	3	2839	224	122.29800917282739	0.11433158026619634
3098194720_207368494_1	1436962082	336	3	3539	163	94.82506323383639	0.19375432038093635
3076392209_207855996_1	1436710982	3456	27	50617	201	160.1299096210312	0.2954421289574588
3084870127_209105825_4	1437695077	497	19	6537	164	194.0546551046765	0.10219618439345905
2395727220_207334981_1	1437693363	7389	84	26795	152	94.88379339487173	0.3850423010655565
2395860644_206920092_1	1436798175	1852	101	36197	323	100.88688842736379	0.25010475992623477
2399043760_209433655_4	1437006464	3212	184	89621	165	200.83921448173746	0.1625356181155885
3087614711_208525853_1	1437172193	585	9	4468	197	145.50290042880758	0.07683412150776898
3095581517_207449801_1	1436513688	2673	33	21808	147	260.8845335619505	0.1439113603647439
2398694681_213260382_1	1437446261	1128	48	15441	249	76.58761048219894	0.3240420804872913
2399808040_207819273_1	1437434005	1619	173	27876	176	197.74666172555177	0.27638391742562685
2392429740_210302804_2	1436916646	1052	47	18717	296	162.75232827631896	0.16094926856841832
2396915182_208140765_1	1437607029	390	85	10674	143	209.2829	0.44843543
2397778920_208962133_2	1437282911	1349	35	15181	259	168.88878309232828	0.18129254859250474
2398512141_214037565_3	1436880269	2518	55	28296	144	195.76335140569407	0.40076799482588
2399031140_215313704_1	1437285057	1921	97	38609	366	118.57151553943035	0.28154607369861256
3019203689_210726441_2	1436544214	1565	61	40331	213	157.12081635861725	0.18784496068500484
3082058012_209583567_1	1436563943	307	5	2405	165	125.14196765517488	0.051353672622537934
2391066829_227378137_4	1437580868	287	17	3655	148	169.3380567991087	0.1842027576506119
2394131000_208914098_2	1436618066	544	38	21440	182	89.83497311998676	0.608359544279036
2394831931_210307924_3	1436782073	921	78	24467	287	122.58520459876435	0.4275402378213924
2396393582_208453352_3	1436919960	361	4	13167	144	157.92739782538808	0.281530018482921
2399808040_207713690_1	1436825431	1053	47	12929	146	186.6620429794656	0.29221799038067064
2394547091_209674334_5	1437568304	334	19	9846	141	110.59244251062483	0.4799041493597144
3007002513_206860073_1	1436964476	181	2	1402	141	83.87049	0.10742496
3015014741_210370153_1	1437704232	924	5	8535	141	162.11736	0.15530817
3081330521_218083181_4	1436675426	245	6	4258	142	55.09525227348486	0.2631670327451499
2393385633_208056452_6	1437412313	307	10	5537	141	106.69439404129596	0.13769752941212665
3072837338_207308697_1	1437017102	218	3	1871	165	103.93372628705957	0.07484250299444463
3082951829_208385643_1	1437148803	2806	354	54304	156	103.81101480039048	0.43989775054073904
2394092091_208106753_1	1437572419	1142	37	10852	201	77.05617563120175	0.3690813625714078
2398043824_208994496_1	1437352997	297	5	3895	139	82.08185259723645	0.5550221811284545
2398512110_208198084_1	1436477201	19331	249	170378	140	3.525263941238977	0.00843892054855463
3016152731_209121138_3	1437646650	734	46	14697	154	201.61190464858777	0.35291873675798996
3075002909_208751473_1	1436658271	368	13	2704	162	102.30518407904871	0.12767435844661157
3081519236_208385469_3	1437468191	478	37	10185	221	133.8383490143526	0.08840837099256854
2390249832_212484983_7	1436962100	424	10	8877	188	105.66502109415879	0.10957055498604597
2391998574_209186428_1	1437718378	1318	34	15248	138	176.64414059465776	0.4752420331672294
2394530414_234959785_5	1436781643	826	42	33876	138	118.07788835575104	0.16861605144627784
2396451920_208699275_1	1437180563	1053	156	49515	175	99.62285627631992	0.3769216779518248
2396803212_207140825_1	1436931471	2446	45	25917	345	145.003347756568	0.3238324370128341
2398512110_208282026_1	1436907821	34252	747	318449	277	60.7008760187704	0.17998554684229678
2398512110_208356763_1	1437236377	13143	250	134351	141	25.875509603615182	0.07275913603126484
3078625793_208531881_2	1437724720	203	7	2659	272	129.6710760802449	0.5117334735526766
3084870127_209039482_4	1437351602	462	4	5640	146	132.95557616879375	0.08695152595189279
3099090608_207109414_1	1437287154	1155	150	37156	206	77.05620513499785	0.3145913762322482
2392823840_208818298_1	1437484719	4129	202	56093	255	96.95748483111966	0.26564300791630807
2393385633_208107330_3	1437671260	682	52	9027	143	88.46696127413674	0.251021248021448
2395718840_209067689_1	1436744150	371	47	8549	137	88.56073	0.86754376
2396799952_209304255_2	1436537718	6783	621	258609	355	151.89447402993477	0.40042916369701376
2397817160_210407845_1	1437353903	730	21	6386	141	116.63488093643586	0.3417069084875141
3013156546_210070632_3	1436916653	298	12	3643	153	212.59323571977296	0.1968582804391483
3073454177_207157912_1	1437753057	1857	174	63396	289	145.16046814537748	0.2970690344081268
3088508117_214921823_1	1437713001	860	19	10397	189	149.54663442553465	0.15048326855219654
3092634507_209515818_7	1436954036	1218	41	20154	365	82.40123912225665	0.3606094060930419
2390216734_211425986_1	1437553079	1540	89	29425	255	117.28967482345749	0.2707592643166743
2390550081_208959859_1	1437634690	382	12	3462	138	134.56615312904407	0.31708951057519125
2391429626_210712539_1	1436700146	6969	645	154052	219	131.14206796060182	0.3347184795382149
2394131000_209083043_2	1437650160	345	16	13977	136	134.36409951395908	0.45625950271056254
2397038856_210404413_4	1436963287	841	8	10240	222	152.9061328491499	0.07133707669624921
2398308941_207987720_3	1436663768	1106	31	7337	146	202.06407941070034	0.49970495060935943
3017577810_206719421_1	1436829097	282	1	2496	136	128.66107	0.30610412
2397105300_212170640_6	1437391467	2260	53	58527	339	157.9666195977683	0.32210561922057446
2397145160_208385439_2	1437731032	1753	140	16658	135	117.5249406985652	0.47641094176225424
3072107639_206987559_4	1437445052	790	16	10348	144	132.25781798429736	0.3658807966112086
3091276807_210323653_3	1436699311	2642	158	78288	136	118.91534067057934	0.6849473254436492
3099303389_210430560_3	1436781760	507	19	10112	269	174.66961176345689	0.4012508399308323
1240574601_238776147_1	1437201535	4589	377	250250	142	1.343959974531928	0.006429336405903243
2392295741_207884196_2	1437258960	195	2	1316	142	121.92299029042971	0.137803327862642
2394206322_211803579_3	1437478526	799	11	9737	136	291.6411725596397	0.12347154995964413
2399554514_207095908_1	1437556370	900	34	10073	232	67.46124789335782	0.18056628829529706
3080043700_209503271_4	1437617086	1954	107	37105	141	86.0958457335748	0.4218353594032421
3097039509_213858679_1	1437753951	3445	257	116473	181	136.16562735473232	0.20695972024493897
3098741504_211588887_1	1436528933	8667	976	214581	190	177.81419707002163	0.6327835501517959
2397038856_210419138_6	1437032963	250	3	7606	140	118.29396815335299	0.0533970733056067
2397138200_208065428_4	1436682312	440	17	9147	136	159.4077928774354	0.5044048362139404
2399032780_209759339_1	1437007038	800	21	17834	137	87.44571572539904	0.25330272870916576
3070344933_208540735_1	1436918520	2172	64	24330	231	54.81671391726581	0.18150668974606166
3085770629_208828152_2	1436864913	421	46	31925	133	86.52979428961427	0.3231136653050164
3096508004_207256671_1	1436866767	1071	15	14575	140	61.713247636977435	0.46653783950688765
2392631284_207732740_3	1436939375	382	9	5680	163	134.11378277306628	0.4270880760809741
2395650254_208398989_6	1436629191	150	3	2780	132	57.232277	0.3124019
3074212491_209941614_1	1437744960	2716	225	147444	169	137.62045486078335	0.2907702174127573
3079458732_208401647_1	1437832736	688	29	19489	147	117.97136500650858	0.35051817856274814
3081105218_210705438_1	1437560671	255	2	2032	138	111.4649684089461	0.05858772962564324
3084336325_214641997_1	1437450305	197	9	2044	132	131.91519	0.17876787
3091453266_217418694_4	1437526819	1787	370	81200	304	108.48363467591037	0.2947424839550574
2391347960_207805869_1	1436620843	2013	85	21181	215	160.6519318398027	0.2324012320409691
2396393582_208393015_3	1436487780	472	11	16076	143	183.33256330329476	0.20412111473504033
2397138200_208023127_1	1436584335	1449	94	44685	221	224.92700946747976	0.29241919870515926
3078112175_208399008_2	1436489198	567	3	4901	131	144.7472994806286	0.023594015161571176
3079855037_207713160_1	1436998549	3797	278	93308	158	78.62506170975637	0.4025287815977356
3092577905_210715804_2	1436665528	1041	170	25994	156	199.6457105039677	0.48674058306697326
3093255870_219330455_2	1437672045	587	14	4831	131	118.17161	0.55322903
2392690320_209419209_3	1436619708	122	5	3410	134	105.05599438667801	0.1768140483778575
2393359640_211243576_1	1436857855	971	1	8316	130	86.65742754127145	0.18143502028813047
2394429614_256965662_2	1437729152	5267	326	158751	181	37.89472681069092	0.3415941324981
2396302614_207190201_1	1436500013	1600	150	67927	195	93.39381474652977	0.4614844833647319
2393037141_212432386_2	1436482034	5234	418	177596	397	137.755093813352	0.32392022330837356
2393837423_215983513_6	1436573261	836	51	13903	155	162.56554287728076	0.3226987405668174
2394046020_209907595_1	1437523590	1630	36	37331	226	133.55231111588046	0.334860546308419
3005082649_243957436_1	1436798988	2293	160	64162	288	115.48459905243078	0.4243744281093867
3079935101_208264027_1	1436877992	305	1	2534	192	87.70380751501021	0.0748779983696075
3083088404_208271587_1	1437355718	1925	66	28548	190	124.06326293851552	0.4660772997844549
3084215435_213483210_4	1437692389	218	1	1800	132	99.8859173054009	0.17158302788145818
3085336010_209654004_3	1437626060	378	14	3931	129	110.25355467888492	0.44836801237879664
3089102725_208296790_1	1437636671	1166	35	18434	244	144.77752268984557	0.3640497179086213
3097032213_208435717_3	1436889606	1804	76	31633	240	135.50431292548538	0.17065907873000288
2393037141_212591678_3	1437520370	826	50	21580	145	146.21191379223922	0.468536818573603
2394057931_207761518_1	1436839405	276	15	3274	132	61.85988483695041	0.4270659422215077
2394600517_206779003_1	1437409049	1077	45	40916	188	86.34296257134076	0.2609989112700834
2399043760_209532616_2	1437611320	4307	286	115179	425	102.24086072767724	0.27031858639980766
3007002513_206945383_1	1437665690	114	2	1029	128	66.81406	0.19827586
3072008306_207840275_1	1436625764	799	49	17789	158	146.71018883290134	0.3065158780014671
3073308724_207506951_3	1437783267	158	2	1637	128	129.45094	0.2432805
3098741504_212062998_1	1437738376	6958	911	254718	174	186.57069883807264	0.4842382927617363
2392295741_207903160_1	1437432915	850	32	9401	140	261.24782098217844	0.22722952749683897
2394131000_209050535_4	1437474637	364	10	10364	127	114.52604079984663	0.2866542418443252
2398562840_210099968_1	1437683113	563	15	4819	127	111.61532189006945	0.3565439138168576
3019203689_210767918_4	1436630483	665	146	7805	192	96.67714731786626	0.21260100848989652
2393404252_211104322_1	1437404480	214	4	2751	136	67.59260723234783	0.1548581470479655
2395254280_219341380_1	1437784472	1599	84	50275	197	207.74521763107478	0.4420881520334837
2398512110_208396299_8	1437427332	4422	218	58944	244	12.91239768693144	0.029104728414324356
2398512110_208447707_1	1437600496	20185	293	158327	126	2.427703640628626	0.006291750011195396
3072058276_210309503_1	1437310896	676	19	13879	179	121.63530435128256	0.1482373813378426
3073751570_209966815_1	1437709008	5702	68	21808	144	61.009786366633655	0.41034087376372774
3082058012_209706911_1	1436998509	761	43	19196	170	86.98642230458519	0.45079521611998086
3098118171_404378614_2	1437744390	182	1	1262	126	109.68456985180646	0.1456655523690204
2392754571_209904952_1	1436876045	191	4	1563	154	86.9329336079121	0.052954588666090055
2392839823_208147415_1	1436698898	1589	54	15315	139	239.87387758639724	0.34509327033396153
2397491920_212794698_1	1437833178	2814	473	176886	126	89.21046204779523	0.3943516357149532
2398005720_208559693_1	1436925000	1196	39	15020	125	56.1584991821842	0.6155627467564114
2398227480_209730156_1	1437028566	2931	180	73132	157	150.92398667559996	0.44950460735383374
3016152731_209144002_1	1437745683	1828	108	69496	245	78.92089905104133	0.2738931229917867
3081174917_213111438_3	1437523910	9446	481	161211	576	69.17001293696035	0.43018444919453097
3082058012_209803679_1	1437345169	264	5	2215	134	97.97392064154337	0.21281954626379118
3091276807_210418324_4	1436962508	555	40	34930	135	70.76095638763422	0.6143979398221583
3093258134_207060017_1	1436865747	1065	68	26353	220	133.7853595201682	0.29724893887650833
2394031372_208156491_1	1437813765	649	9	4934	124	87.26795693110309	0.17400427454909956
2394123101_214961947_3	1437177026	498	19	10803	127	173.82288040418717	0.5210143023507018
2398512141_214095707_6	1437222011	585	30	26209	129	91.37691897943665	0.2741728073315758
3007002513_206846739_1	1436873027	931	8	14127	124	74.68554	0.3152149
3015101506_210811095_1	1437519390	887	79	68410	124	135.89137317165455	0.4455798693534987
3084042764_208812352_1	1436593422	509	5	4342	145	116.46235341692136	0.24805560590668552
3085150105_250939828_2	1436608119	489	6	8578	125	253.2112127615857	0.09068288866778337
3087371729_206793101_1	1436484132	1583	54	13595	152	186.87533647597488	0.2964225351340005
3087434312_207475634_1	1436585321	540	6	4651	150	230.0211107082969	0.17591585173077182
2391975760_215902448_4	1436836206	463	34	27129	123	92.47027388812722	0.6058440599055886
2392126777_210337352_2	1437220261	996	83	24445	181	78.79526075447531	0.3012583271926857
2393404252_210986139_1	1436604945	482	17	8462	143	88.2569627114423	0.10100408904718217
2393491282_207623597_1	1437457194	1106	422	33576	123	180.55184801020408	0.7753628245264131
2394555434_213037677_2	1437043178	841	83	13712	219	182.1327770159291	0.30598699831597675
2394997011_208173951_2	1437713944	386	15	7977	135	86.75203711149538	0.07958053143005704
2396324397_215960815_2	1437009471	476	7	4401	125	154.92494076176698	0.2113625203731664
2396430080_212139845_1	1437712658	1667	19	11768	123	76.07264116504754	0.3810344348951265
3006494600_208736773_2	1437055377	1683	105	94912	219	136.08282332672076	0.2177254001057384
3091326711_209436086_3	1436491048	4054	190	34417	129	132.21897992989926	0.4446601522305033
2394131000_209107028_4	1437735233	358	14	9521	132	136.0549840252497	0.20901518222442958
3007002513_206816811_1	1436509547	403	6	5556	122	156.19487	0.052467857
3079639101_207870653_2	1437277660	456	37	13873	134	214.57319306258054	0.23591772705456848
3083245578_222142653_1	1437436606	366	26	9611	127	120.26288400634265	0.48648949633113786
3090546771_209938364_5	1437573456	387	34	9859	136	164.2059636159456	0.32029215708661785
2393614963_210230069_1	1437275333	3824	247	110478	478	69.08839346177841	0.33480340137017706
2395766001_208371353_1	1436868219	1838	18	20675	121	78.1528731898978	0.29487336515372903
2397402280_208178324_2	1436462004	1699	159	46158	323	116.16989739883246	0.32961810428588084
2399715700_210627240_3	1436703299	346	15	7030	150	109.32503724536394	0.17531182328757886
2399808040_207699884_1	1436738661	785	17	11808	126	205.23514615899433	0.23597716850621042
3095223184_207235708_4	1436699645	143	6	3962	121	104.54976	0.5704245
2393359640_211243576_2	1436857855	259	3	2633	182	88.10249265818737	0.27864721521111285
2393359640_211534684_5	1437375311	262	1	1825	234	106.44109928024076	0.12369071696475538
2394547091_209510532_7	1437048922	292	39	6388	160	148.59471315700864	0.5925266467206793
2396017720_208600917_6	1437223998	454	44	9998	150	130.31133148190855	0.345307156365888
2396915182_208097156_1	1437221608	353	51	7927	123	144.30146244286877	0.5266408036015995
2399031140_215488554_1	1437787384	644	58	52049	120	139.61922604318346	0.3188822582718173
3015250411_208419950_1	1437430498	98	2	723	120	76.927635	0.31562975
2392397773_208970061_6	1437494534	4117	551	63339	142	55.98519300395048	0.38123025026520246
2393352620_256111643_1	1437445834	605	105	63696	137	58.762780548694785	0.7576982326276749
2396094732_208856055_1	1437386119	2046	82	35897	265	195.2697261371454	0.2520752938707535
3078245224_260283968_1	1437382943	601	15	7798	124	89.05655481221677	0.3285125797265711
3088344268_209310030_2	1436828206	245	10	2434	153	142.2503395118295	0.12747630747539712
3090475903_209634413_1	1437518828	1413	55	24477	141	137.20843885326138	0.389372579452168
3098099408_208235154_1	1436528869	309	9	2983	147	118.32730854377432	0.2942581910341489
2394547091_209477373_6	1436876057	163	19	3742	118	108.41968	0.78701824
2396121194_211609329_1	1437520688	533	83	19672	200	107.89380665311968	0.31814214975058575
2397030580_208724022_4	1437307841	1788	103	40703	185	197.76318462850338	0.28037679396267357
3073053734_209391317_1	1437611457	4061	410	166827	559	13.879280397473721	0.03352034846448585
3077245474_207913336_1	1437740550	348	9	5758	135	202.4989456568823	0.08428505618571282
3098741504_211695727_1	1436873920	5089	779	221240	118	184.6768905978117	0.5713678897242911
3099583660_209889769_3	1437572157	379	14	23011	118	89.94990610496158	0.2221398354442853
2390322621_207176047_2	1437632353	515	6	2850	117	115.54654348295396	0.16868256293535375
2391699153_210014468_2	1437433090	290	4	1625	130	131.86729442742262	0.16278181650862258
2392295741_207922540_8	1437601535	267	6	1524	134	120.43552803572267	0.07700344303121603
2393359640_211566845_1	1437469690	766	12	11162	164	145.55410585867452	0.19269118211494085
2394131000_208940215_1	1436784690	1681	106	59726	142	178.56654461033145	0.44494314367369
2394555434_212983986_3	1436687041	2047	78	32270	280	204.29785984617286	0.42220115546651976
2396393582_208573220_1	1437611237	1156	45	27832	122	100.41643267335706	0.5042198976594157
3071704227_209167661_3	1437022899	506	15	5868	118	192.3770708555579	0.1984610287394877
3085359863_216214700_1	1437619777	231	1	2299	156	139.47842275508282	0.04352054355245792
3099044221_213254288_4	1437410927	376	401	48697	117	115.3573	0.13196862
2390737666_206868276_1	1436760718	227	11	2127	117	100.91642124927232	0.2787728742065027
2391975760_216189692_5	1437441575	480	56	29258	166	60.432084069799096	0.7132578653685598
2398320313_208117682_1	1437218006	1071	61	15593	351	107.48318443389856	0.21541191797235623
2398512110_208233652_1	1436630889	13381	311	134679	116	19.9082514685648	0.050772860316307455
3070219401_207286231_1	1437608979	4521	54	56418	151	144.0714155161875	0.1825841948271191
3071776261_209384848_1	1437361076	550	19	5979	145	95.60427409131908	0.36576988039032515
3080261577_207241956_1	1436976115	261	2	2372	146	67.19108422271317	0.2448481041761275
3080494594_209755219_1	1436712654	358	14	3562	178	91.2401568286108	0.15513638216624037
3082239232_209136190_1	1437820379	245	2	3175	116	122.49662	0.043196544
3085155611_219684349_3	1436583532	2207	170	88510	322	111.02764760596142	0.3480783579590167
2276745981_212849937_1	1437223438	1112	121	33608	187	78.80205964112609	0.2707980525639057
2390377675_207661577_4	1437470847	1091	31	10036	158	44.800603932073855	0.09178627882581405
2392435780_211832882_4	1437555214	2086	100	69997	141	149.8184673499863	0.27010571813999157
2398097636_207629043_1	1436738974	294	7	2467	115	158.6061	0.082706764
3007628665_210081810_1	1436916247	1590	28	9633	116	89.46896562232743	0.3025542471723856
3082951829_208431526_1	1437494415	2219	370	49161	121	150.33436284577212	0.48456258007653064
