1311	803	312	112	94	10.6276595745	37234	2550	683080	2702	78.4076810245	0.369712753843	4	4	0	0	4	2.40206185567	1.81157520577	0.549828178694	0.486083064678	3.69072164948	2.717043965	0.769759450172	0.555236711895	0.405498281787	0.382281739705	0.0343642611684	0.0331833587227	1.56013745704	1.30546403562	1
2202	1375	493	198	161	11.8571428571	14260	674	263622	1784	149.862661441	0.45562726127	13	13	0	0	0	2.6735395189	2.09494455663	0.412371134021	0.312962766146	3.96219931271	2.69340229804	0.632302405498	0.493664458379	0.515463917526	0.491137327145	0.0687285223368	0.0663667174455	1.14089347079	0.924363198356	0
908	568	184	68	63	11.5079365079	41055	3066	957019	1086	55.9666164244	0.276847362539	1	1	0	0	0	2.60674157303	1.44154778437	0.730337078652	0.856710011362	3.19101123596	3.05011993435	0.769662921348	0.896383032445	1.04494382022	1.72427723772	0.0	0.0	1.48876404494	1.58303875773	1
911	547	261	81	66	11.5303030303	5008	483	107939	321	80.9186276048	0.292413563198	4	4	0	0	6	2.67322834646	2.18855787712	0.771653543307	0.89583979168	3.37401574803	2.32489614979	0.944881889764	0.941843883688	0.763779527559	0.823113646227	0.0	0.0	1.2874015748	1.27256804514	0
1138	715	259	69	58	16.1896551724	5917	503	147592	228	81.7679738576	0.356625954954	14	14	0	0	0	2.5953307393	2.771003346	0.972762645914	1.03568562734	3.18287937743	2.22489363957	0.887159533074	0.707111387001	0.879377431907	1.63623976139	0.0778210116732	0.0717649018153	1.35408560311	1.04555708641	1
1344	837	327	116	88	12.4204545455	638	79	57244	227	72.333042751	0.540219139834	2	2	0	0	0	2.42268041237	1.96714729396	0.343642611684	0.439248473684	3.77319587629	2.7494951642	0.810996563574	0.861184917514	0.694158075601	1.02176403207	0.0343642611684	0.0331833587227	1.29896907216	1.3036218278	1
1354	837	376	157	141	8.09219858156	432	21	14093	221	119.412693083	0.265960058417	1	1	0	0	0	2.74226804124	2.18757454447	1.12027491409	0.934424487193	3.80412371134	2.87063213708	0.666666666667	0.806414662085	0.20618556701	0.219293584157	0.103092783505	0.0924646614943	1.30240549828	1.46254767894	1
817	163	78	30	1	797.0	1003	50	15106	207	27.822945037	0.248901353569	0	0	0	0	0	5.51470588235	11.0975346021	0.0	0.0	0.720588235294	0.741998269896	0.0	0.0	0.0588235294118	0.0553633217993	0.0	0.0	2.04411764706	9.33628892734	0
714	437	186	62	56	10.1785714286	1287	204	60166	172	64.9930935657	0.218180852142	2	2	0	0	0	4.24719101124	3.8414972857	0.792134831461	0.615862896099	3.02247191011	2.5808610024	0.449438202247	0.427218785507	0.758426966292	1.11125489206	0.0	0.0	0.505617977528	0.480242393637	1
399	246	152	40	40	7.65	7607	219	49999	158	54.5181578622	0.838148997002	2	2	0	0	0	1.78169014085	1.67927990478	0.774647887324	0.522118627256	3.28873239437	2.08971434239	1.61971830986	1.21444157905	0.739436619718	0.573150168617	0.267605633803	0.210077365602	1.88028169014	1.42397341797	1
1417	876	308	123	109	10.2110091743	4775	461	93604	156	54.3374208188	0.261623105117	13	13	0	0	0	2.43642611684	2.2128458568	0.890034364261	1.02398412867	3.74226804124	2.82729301732	1.03780068729	1.28723090186	0.756013745704	0.907736091921	0.0343642611684	0.0331833587227	1.38144329897	1.65366493074	1
2974	1633	590	232	193	13.4455958549	3313	575	94776	152	149.296941795	0.409912728977	16	16	0	0	4	3.82130584192	3.11933019213	0.549828178694	0.636010439178	2.70103092784	2.1423932169	0.316151202749	0.381148073358	0.103092783505	0.0971882712769	0.0	0.0	1.32989690722	1.64776041851	0
406	247	132	35	31	11.2258064516	6068	132	51737	151	80.7365385923	0.481560783049	2	2	0	0	0	3.0564516129	1.94634495317	0.403225806452	0.470083246618	3.49193548387	3.77699011446	0.725806451613	0.844172736733	0.516129032258	0.479188345473	0.0806451612903	0.0741415192508	0.983870967742	1.08402705515	1
442	260	119	38	29	11.4482758621	3905	228	88941	150	35.0994045769	0.288645888934	2	2	0	0	0	2.57798165138	2.05420419157	0.825688073394	0.774177257807	3.2752293578	2.26344583789	0.504587155963	0.470162444239	0.51376146789	0.536150155711	0.0917431192661	0.0833263193334	1.23853211009	1.04637656763	0
1328	825	335	123	111	9.85585585586	2151	275	72646	131	110.709310461	0.508861750784	5	5	0	0	0	2.735395189	2.50389107356	1.06529209622	0.969024928851	3.23711340206	3.21798278244	0.824742268041	0.797463421547	0.59793814433	0.466125813347	0.0687285223368	0.0640049125542	1.22336769759	1.20829938239	1
813	479	254	62	49	14.4081632653	141	3	1516	130	89.90933	0.31939438	7	7	0	0	0	3.45041322314	4.23750085377	0.743801652893	0.76251622157	2.92148760331	3.00117819821	0.537190082645	0.802335906017	0.553719008264	0.555836349976	0.0413223140496	0.0396147804112	0.942148760331	1.13790041664	1
1164	735	283	105	84	11.5357142857	1145	49	14106	128	101.288711879	0.4970485688	12	12	0	0	0	2.09523809524	1.47343986904	0.721611721612	0.59651947564	3.87179487179	4.24795717103	1.12454212454	1.01745629218	0.498168498168	0.548189295442	0.0732600732601	0.067893034926	1.49084249084	1.33647305076	1
1522	899	346	139	105	12.8952380952	2069	223	17791	115	95.902911732	0.418857654628	10	10	0	0	0	2.39862542955	2.26147541952	0.73883161512	0.807477474286	3.41237113402	2.43714646733	0.903780068729	0.891085367438	0.773195876289	0.874694441492	0.0687285223368	0.0640049125542	1.35051546392	1.4101392284	1
1636	975	287	127	103	14.067961165	3432	170	53274	101	69.9816632633	0.492503914925	3	3	0	0	0	2.9298245614	2.17841797476	0.736842105263	0.582209910742	3.71228070175	3.02832871653	1.05263157895	0.891966759003	0.589473684211	0.641009541397	0.0350877192982	0.0338565712527	1.19298245614	1.02000615574	1
4487	2728	743	459	396	9.98232323232	347	13	5514	88	0.0	0.0	18	18	0	0	0	2.78694158076	2.66820183985	0.735395189003	0.535161370319	3.39518900344	2.27028495176	0.85910652921	0.768791110166	0.549828178694	0.5268950532	0.0343642611684	0.0331833587227	1.20274914089	1.10945784769	1
1322	839	307	114	114	9.35964912281	4325	509	70207	86	95.9294984463	0.532166327447	11	11	0	0	0	1.6323024055	1.63673078967	0.958762886598	1.07901418264	3.97250859107	3.42700251532	0.893470790378	0.796211664954	0.567010309278	0.680813877966	0.0687285223368	0.0640049125542	1.34020618557	1.23879028353	0
2249	1348	447	169	149	12.5637583893	148	27	2121	82	88.6779557055	0.470709758781	5	5	0	0	0	3.10652920962	2.27541006837	0.927835051546	0.786126758069	3.3676975945	2.58801856379	0.580756013746	0.566502521227	0.343642611684	0.323260235472	0.0	0.0	1.55326460481	1.61892278079	1
1378	820	323	111	106	10.9716981132	1030	75	15611	80	7.14197285745	0.0374629048267	3	3	0	0	0	2.67697594502	2.97476411474	0.93470790378	0.830032710998	3.37800687285	2.58327133595	0.824742268041	0.790590569313	0.690721649485	1.00206657928	0.0343642611684	0.0331833587227	1.23711340206	1.15230098842	1
415	251	163	42	41	8.0487804878	3815	150	30889	80	52.6960680602	0.908663549086	2	2	0	0	0	1.7417218543	1.48633831849	0.728476821192	0.514626551467	3.4238410596	2.30902153414	1.52317880795	1.35634402	0.695364238411	0.528134730933	0.317880794702	0.30954782685	1.76821192053	1.556247533	1
2215	1222	508	252	182	10.4010989011	1257	53	20101	79	93.3972555308	0.292949042907	15	15	0	0	0	4.36426116838	5.36318654716	0.876288659794	0.914490853911	2.81443298969	2.48794889054	0.312714776632	0.31114417638	0.0687285223368	0.0663667174455	0.0687285223368	0.0663667174455	0.79381443299	0.777246371677	1
4294	2236	587	351	171	23.5847953216	123	4	2536	78	101.956015959	0.104500745939	9	9	0	0	0	4.46735395189	5.80642647111	0.46735395189	0.385800828994	3.20618556701	2.49099561885	0.316151202749	0.346783812189	0.147766323024	0.136795739304	0.0	0.0	1.09278350515	1.1742657739	1
513	327	166	61	41	10.9756097561	1205	18	6235	78	92.2735	0.7663685	0	0	0	0	0	1.75641025641	2.17217291256	0.487179487179	0.598948060487	3.39743589744	3.04750164366	0.897435897436	1.00230111769	1.12820512821	1.21071663379	0.0641025641026	0.059993425378	1.60256410256	2.01002629849	1
1727	991	465	129	115	13.0	972	194	188472	76	110.768587002	0.509524379738	8	8	0	0	0	3.31958762887	2.51220462678	1.13402061856	1.41713017088	2.85567010309	2.62072956153	0.938144329897	1.00648315443	0.274914089347	0.234763406195	0.0	0.0	1.41924398625	1.43371004121	0
7059	4204	995	572	490	12.7489795918	441	86	26983	76	108.561137395	0.186920533528	71	71	0	0	2	4.20962199313	3.28883692918	0.584192439863	0.72743590652	3.35051546392	2.66527320178	0.549828178694	0.49493983302	0.426116838488	0.39021740414	0.0	0.0	0.810996563574	0.80369858646	1
875	528	237	80	71	10.7323943662	219	118	12346	75	91.1361029969	0.564139772379	6	6	0	0	0	2.21645021645	2.0244748037	0.502164502165	0.592755008339	2.74891774892	2.46498378966	0.904761904762	0.813440527726	0.995670995671	1.27827439516	0.04329004329	0.041416015442	2.02597402597	2.050336388	1
706	420	189	73	50	11.84	4660	234	36846	75	65.7770692363	0.751916213159	1	1	0	0	0	2.56382978723	1.47612041648	0.372340425532	0.364757808963	3.46808510638	2.38665685831	0.585106382979	0.434246265278	0.835106382979	1.52351177003	0.0	0.0	1.31914893617	1.16212086917	0
834	444	225	103	75	9.12	1597	110	20401	73	62.5510163797	0.342678536531	7	7	0	0	0	3.49545454545	2.97262396694	0.545454545455	0.592561983471	3.30909090909	2.11095041322	0.568181818182	0.636260330579	0.390909090909	0.362066115702	0.0909090909091	0.0826446280992	1.06363636364	1.12756198347	1
2488	1540	436	195	168	12.5	1755	128	52359	67	68.5601735954	0.312745823085	13	13	0	0	0	2.64948453608	2.39508272222	0.446735395189	0.384596308499	3.94158075601	2.58090953106	0.584192439863	0.510952870183	0.446735395189	0.449451470814	0.103092783505	0.106210365962	1.05841924399	1.09668048323	1
1425	688	240	139	77	17.0779220779	1123	157	33208	67	68.8358519269	0.522446977544	1	1	0	0	2	2.23580786026	2.56440571309	0.218340611354	0.185923228009	2.22270742358	2.11567285139	0.349344978166	0.489311798021	0.689956331878	0.871798783395	0.0	0.0	3.35807860262	12.3291699243	1
4451	2586	798	419	299	12.8929765886	1924	214	59447	67	58.0382399081	0.463761702117	42	42	0	0	38	3.46048109966	2.4409962093	0.687285223368	0.515912660455	2.83161512027	1.89012883646	0.446735395189	0.418984187716	0.216494845361	0.189936349358	0.0687285223368	0.0640049125542	1.19931271478	0.950295816063	0
435	286	151	40	39	9.0	1726	71	29036	66	65.7287746074	0.46951222875	3	3	0	0	0	2.72340425532	3.72285096323	0.921985815603	0.802575323173	3.6170212766	2.04074241738	0.468085106383	0.419194205523	0.879432624113	1.51793169358	0.0	0.0	1.09219858156	1.2543634626	1
8728	3744	746	672	155	55.1161290323	65	2	713	64	63.11516	0.08674304	10	10	0	0	0	3.94158075601	6.68100282236	0.309278350515	0.232519691548	2.68041237113	2.80270662841	0.171821305842	0.183535858103	0.134020618557	0.122908326543	0.0	0.0	2.6941580756	3.19176674815	1
2302	1415	573	326	171	11.4970760234	1926	44	30672	64	62.3188672269	0.142999177834	6	6	0	0	12	3.84879725086	2.71040729325	1.43642611684	1.21007073606	2.23024054983	1.94695386214	0.309278350515	0.399192262727	0.0687285223368	0.0640049125542	0.0	0.0	0.481099656357	0.555661836776	0
11796	5716	909	1124	648	16.6666666667	147	3	1634	63	92.323875	0.10110701	24	24	0	0	0	4.96563573883	8.67401187988	0.0343642611684	0.0331833587227	2.78694158076	3.29344244872	0.343642611684	0.417992229662	0.178694158076	0.196242368418	0.0	0.0	1.41580756014	1.3720433155	1
2695	1679	745	281	256	8.671875	2570	104	18905	63	97.8304267297	0.313221134342	12	12	0	0	0	4.88316151203	2.33247127455	0.621993127148	0.715367083525	2.78350515464	2.29418641726	0.549828178694	0.688442507764	0.103092783505	0.0971882712769	0.0687285223368	0.0640049125542	0.824742268041	0.911396889503	1
734	347	160	51	34	17.7058823529	3083	54	19729	59	112.646782082	0.634656863192	0	0	0	0	0	3.30322580645	2.8859937565	0.129032258065	0.112382934443	2.62580645161	2.78318418314	0.258064516129	0.320499479709	0.729032258065	1.21706555671	0.0	0.0	1.01290322581	1.02043704475	0
2917	1752	526	198	152	16.7894736842	256	12	5482	56	107.705267404	0.343410128857	32	32	0	0	0	3.13745704467	5.0103328964	0.752577319588	0.686080702873	3.83161512027	3.48980290738	0.618556701031	0.696425408297	0.412371134021	0.389201828037	0.0	0.0	0.841924398625	0.921009435411	1
3294	1980	606	247	217	13.3640552995	561	29	6720	56	130.734498071	0.27917537656	26	26	0	0	0	3.0618556701	4.33211700381	0.862542955326	0.689032958987	3.42268041237	2.87686730199	0.73883161512	0.674059115976	0.470790378007	0.482469503194	0.0343642611684	0.0331833587227	1.15120274914	1.08669004854	1
2696	1690	679	238	218	10.6330275229	251	13	3271	55	137.69660347	0.258055855228	14	14	0	0	0	2.99312714777	1.98401058089	0.704467353952	0.682821412123	4.17869415808	2.64326118019	0.587628865979	0.716547985971	0.171821305842	0.156469574048	0.0	0.0	0.931271477663	1.16373212409	1
401	212	124	29	21	16.380952381	3582	85	57956	54	63.165955	0.63189244	1	1	0	0	4	3.8275862069	4.30008917955	0.603448275862	0.43727705113	2.08620689655	3.07104637337	0.25	0.308189655172	0.568965517241	0.537158145065	0.0	0.0	1.34482758621	1.11964922711	0
466	258	116	36	23	16.5217391304	342	18	8407	52	105.142807444	0.499351088467	3	3	0	0	0	3.04587155963	2.09174311927	0.275229357798	0.199478158404	4.33944954128	3.33170608535	0.550458715596	0.430940156552	0.642201834862	0.526555003788	0.0	0.0	1.00917431193	0.780237353758	0
2891	1431	382	19	5	574.6	1843	93	33420	51	43.7189866661	0.201446070667	0	0	0	0	4	6.19243986254	13.2715721354	0.103092783505	0.0971882712769	0.835051546392	0.774435823857	0.0	0.0	0.0687285223368	0.0663667174455	0.0	0.0	1.28865979381	2.73728463292	1
1213	710	359	113	87	12.2873563218	1958	254	61074	51	93.4095743053	0.492593671793	4	4	0	0	0	3.27835051546	3.13505981271	0.556701030928	0.505260920395	3.22336769759	3.01300173593	0.694158075601	0.789622229308	0.412371134021	0.421204284314	0.0	0.0	1.36426116838	1.42785276508	1
707	422	214	62	53	11.3773584906	180	8	8113	50	73.2357183178	0.603087585996	3	3	0	0	0	2.4362745098	1.86224048443	0.539215686275	0.539888504421	3.4362745098	2.60849192618	0.926470588235	0.695573817762	0.769607843137	1.01612360631	0.0	0.0	1.40196078431	1.11336985775	1
1806	1023	412	176	153	10.1699346405	299	20	13321	50	97.8222701358	0.271272614305	7	7	0	0	2	3.19243986254	2.53256338494	1.20274914089	1.05456950201	3.76632302405	3.74098085757	0.515463917526	0.394090764162	0.33676975945	0.304011525608	0.0	0.0	0.687285223368	0.543262361096	1
994	610	267	108	88	9.75	199	31	5412	50	105.607531001	0.56243942211	6	6	0	0	0	2.88301886792	2.29468138127	0.716981132075	0.609469562122	3.68301886792	2.66671413314	0.528301886792	0.664293342827	0.924528301887	1.16514061944	0.0	0.0	0.867924528302	0.928444286223	1
267	149	69	33	10	23.0	1533	92	41345	50	36.1765315234	0.267311721857	0	0	0	0	6	3.91489361702	3.32005432322	1.08510638298	0.832050701675	2.12765957447	1.92575826166	0.425531914894	0.372114078769	0.212765957447	0.167496604799	0.212765957447	0.167496604799	0.425531914894	0.372114078769	1
596	352	161	59	41	11.8292682927	597	9	5651	49	91.63388	0.86293817	0	0	0	0	0	1.72549019608	2.2952710496	0.562091503268	0.572514844718	3.46405228758	2.67367251912	0.849673202614	1.00354564484	1.08496732026	1.00764663164	0.0653594771242	0.0610876158742	1.56862745098	2.07732068862	1
820	485	205	89	62	10.8548387097	1755	15	25414	48	85.6321336474	0.333793456968	1	1	0	0	0	3.78421052632	2.97620498615	0.0	0.0	3.43157894737	3.11789473684	0.315789473684	0.30027700831	0.610526315789	0.647756232687	0.0	0.0	0.8	0.845872576177	0
514	296	116	53	28	15.6785714286	344	12	4763	47	59.683384	0.4432966	3	3	0	0	0	2.37254901961	1.56785851596	0.196078431373	0.216455209535	2.98039215686	2.08535178777	0.392156862745	0.356016916571	0.813725490196	0.908208381392	0.0980392156863	0.0884275278739	0.980392156863	1.16493656286	0
2568	1542	603	246	197	11.3350253807	658	19	16534	44	101.209299914	0.400565020944	2	2	0	0	0	3.6529209622	2.3291175116	0.745704467354	0.892573304519	3.57731958763	2.22479658955	0.549828178694	0.433084162917	0.343642611684	0.239298071586	0.0	0.0	0.756013745704	0.618013485906	1
1978	1108	387	193	138	12.5724637681	302	4	3151	44	88.1102594396	0.165314521146	2	2	0	0	0	2.71134020619	2.86101959117	0.309278350515	0.301673338765	4.31958762887	4.15011631889	0.388316151203	0.388729467059	0.278350515464	0.238896564755	0.0687285223368	0.0640049125542	0.835051546392	0.809839279177	1
1657	998	392	144	104	13.3846153846	68	0	1545	42	0.0	0.0	10	10	0	0	0	3.94501718213	4.69609475561	1.23367697595	0.879347197128	2.77663230241	2.39475206953	0.642611683849	0.539507091319	0.460481099656	0.480556441232	0.0	0.0	0.951890034364	0.788559417107	1
670	449	217	72	56	9.66071428571	284	28	2386	40	98.007416	0.7086689	6	6	0	0	0	2.3756097561	2.14838786437	0.682926829268	0.724806662701	3.4243902439	3.07497917906	0.478048780488	0.425127900059	0.585365853659	0.521832242713	0.0975609756098	0.146579417014	1.66829268293	1.73867935753	1
779	486	236	63	58	11.3793103448	655	52	16645	39	92.649240367	0.278641185491	4	4	0	0	0	1.87068965517	1.34163198573	0.452586206897	0.362942181926	4.01293103448	2.78810567776	1.00431034483	0.685326248514	0.793103448276	0.993460166468	0.0431034482759	0.0412455410226	1.42672413793	1.06158962545	0
2575	1437	527	203	176	12.6590909091	105	5	2166	37	127.566701327	0.174802004366	25	25	0	0	0	3.51890034364	2.98669122944	1.06872852234	1.03721023606	3.03780068729	2.09938474983	0.295532646048	0.318158736907	0.20618556701	0.182567518097	0.0	0.0	1.01718213058	1.07268454553	1
3999	2313	912	236	197	18.5025380711	250	49	10483	37	139.085127172	0.322825186201	22	22	0	0	0	3.9793814433	4.58745173061	0.975945017182	0.824435233405	2.9587628866	1.72133064088	0.240549828179	0.203304165043	0.202749140893	0.179591643934	0.0343642611684	0.0331833587227	0.965635738832	0.945690296525	0
1125	583	236	103	88	10.1590909091	303	34	6401	36	65.3436117731	0.311253413196	55	55	0	0	0	4.01298701299	2.14253855812	0.38961038961	0.432563107888	3.35064935065	3.23288544068	0.34632034632	0.321620659283	0.571428571429	0.598489533554	0.0	0.0	0.606060606061	0.532636194974	0
1191	653	325	105	88	11.5113636364	888	87	43821	36	74.4496662159	0.388418120696	12	12	0	0	0	3.37113402062	5.01160827104	0.721649484536	0.609133099515	2.83161512027	2.3835807324	0.824742268041	0.907429057286	0.487972508591	0.413622890613	0.0	0.0	1.43298969072	1.34807099586	1
424	228	111	22	14	24.5714285714	702	22	8551	35	49.443423271	0.547409775893	2	2	0	0	0	4.13	2.2011	0.2	0.18	2.79	2.4219	0.0	0.0	1.13	1.2855	0.0	0.0	0.35	0.2775	0
2649	1604	493	172	150	15.4733333333	978	40	23192	35	74.1358736387	0.319556442345	13	13	0	0	0	3.07216494845	1.91943883516	0.439862542955	0.430249997048	4.02405498282	2.84883267793	0.443298969072	0.377369185532	0.309278350515	0.315844168113	0.0	0.0	1.02749140893	0.886125577166	0
1767	1066	453	158	145	10.6	455	13	9221	34	91.9341452866	0.141612948259	15	15	0	0	0	3.01718213058	2.37668426211	0.927835051546	0.702211830281	4.16838487973	3.11732265798	0.381443298969	0.366528501081	0.309278350515	0.260861350244	0.0687285223368	0.0640049125542	0.776632302405	0.679940010156	1
1537	823	337	115	91	14.8021978022	440	54	19554	33	96.3271781304	0.28404290502	5	5	0	0	0	4.28178694158	4.28662864161	0.659793814433	0.577862802754	2.38487972509	2.2389674189	0.515463917526	0.545293513303	0.388316151203	0.549166873325	0.0	0.0	0.962199312715	1.06304838157	1
5147	2924	953	436	341	13.2639296188	302	32	8565	33	111.489988234	0.270571500437	35	35	0	0	6	3.62199312715	2.95856213318	0.515463917526	0.732773585574	2.84536082474	2.08438728877	0.436426116838	0.32155973595	0.343642611684	0.343878792173	0.0	0.0	1.21993127148	1.60661777731	1
2183	1297	473	235	193	10.0207253886	54	3	1005	32	105.830154	0.053699285	26	26	0	0	0	3.06529209622	2.87157685904	1.25429553265	0.88451954984	3.92783505155	3.4134693733	0.460481099656	0.482115232461	0.240549828179	0.211027267037	0.0687285223368	0.0640049125542	0.80412371134	0.786693591242	1
2842	1710	605	258	217	11.3502304147	155	6	5095	32	123.792695518	0.127203146277	42	42	0	0	0	3.02405498282	2.73404896022	0.962199312715	1.0766759958	3.48109965636	2.22678050566	0.584192439863	0.517825722417	0.240549828179	0.206303657255	0.137457044674	0.118562605543	1.31958762887	1.31510019957	1
1477	847	222	150	122	9.44262295082	465	49	13307	32	132.652093817	0.49380261045	16	16	0	0	0	2.97757847534	3.26686641597	0.448430493274	0.301152245169	2.81165919283	1.97152566913	0.358744394619	0.508073759778	0.434977578475	0.519656538438	0.0896860986547	0.108548331959	2.01793721973	3.99497275232	0
1690	1011	474	141	135	10.9851851852	468	15	5743	31	113.903186725	0.384141206814	6	6	0	0	0	2.72508591065	1.83526410883	0.893470790378	0.837141743721	3.92096219931	2.93787272233	0.80412371134	0.927268218372	0.0687285223368	0.0640049125542	0.0343642611684	0.0331833587227	1.33333333333	1.4361663183	1
2183	1332	510	186	165	11.696969697	546	201	20705	31	92.0345655093	0.389778443982	38	38	0	0	0	2.82474226804	2.67526363647	0.766323024055	0.621485339096	3.264604811	2.45108111619	0.876288659794	0.671980727672	0.27147766323	0.323968776939	0.0687285223368	0.0640049125542	1.28865979381	1.07943930752	1
608	355	197	45	43	10.8604651163	2999	290	40559	31	65.9580782543	0.62894512476	2	2	0	0	2	1.59459459459	1.15056245435	0.524324324324	0.480233747261	4.54054054054	4.62673484295	0.913513513514	1.20333089847	0.8	0.879065010957	0.0540540540541	0.0511322132944	1.38378378378	1.56055514974	0
709	439	193	57	43	14.0930232558	1912	68	11857	30	75.7997849878	0.563489147835	5	5	0	0	0	2.86910994764	2.24363367232	0.20942408377	0.165565636907	3.43979057592	2.50316603163	0.575916230366	0.610728872564	0.61780104712	0.715934321976	0.104712041885	0.0937474301691	1.15183246073	1.13412461281	0
670	435	221	72	64	8.640625	168	3	1155	29	105.869473301	0.747539215634	4	4	0	0	0	2.19718309859	2.02336397099	0.704225352113	0.730895545416	3.7558685446	2.81945822037	0.413145539906	0.3551323591	0.516431924883	0.457669333686	0.093896713615	0.132028477595	1.60563380282	1.6465868765	1
2775	1578	372	255	121	21.2396694215	262	3	1513	28	81.0941759059	0.385281401676	6	6	0	0	8	3.50515463918	2.55516585775	0.309278350515	0.308121066119	3.91065292096	3.11751160237	0.240549828179	0.196431312809	0.412371134021	0.367945584015	0.0	0.0	0.536082474227	0.415961077455	1
1026	607	292	98	75	11.28	485	33	9621	28	64.020482007	0.36693454364	5	5	0	0	2	3.12543554007	3.11238451359	0.627177700348	0.61316757518	2.89547038328	2.36773543445	0.763066202091	0.640726486906	0.627177700348	0.90342240406	0.0696864111498	0.0648302152509	1.39024390244	1.26234384295	0
1612	1003	421	142	133	10.8270676692	96	5	2179	27	157.990727119	0.173446995355	23	23	0	0	0	2.87972508591	2.76109162622	0.903780068729	0.917584818318	3.56357388316	2.16622382825	0.914089347079	0.607739634629	0.584192439863	0.699495754656	0.0687285223368	0.0640049125542	1.05154639175	0.735749459737	1
1889	1117	410	155	119	14.243697479	74	5	1612	27	184.49232	0.57787484	9	9	0	0	0	3.72508591065	3.72735324335	0.632302405498	0.552544254319	3.47079037801	2.87138791464	0.412371134021	0.448506748857	0.412371134021	0.427864574108	0.0	0.0	0.790378006873	0.845974894014	1
659	447	195	47	43	12.7441860465	1428	90	31929	27	71.8802070953	0.407217627739	3	3	0	0	0	1.95604395604	1.83033450066	0.274725274725	0.223402970656	4.64835164835	2.73686752808	0.934065934066	0.709938413235	0.785714285714	0.765758966308	0.0	0.0	1.58791208791	1.25446805941	1
1094	559	258	96	57	16.6666666667	1471	26	10481	26	62.4998253493	0.426431067574	6	6	0	0	0	2.78431372549	1.92648981161	0.250980392157	0.209519415609	3.38431372549	2.34380622837	0.43137254902	0.425682429835	0.76862745098	1.01782391388	0.0	0.0	1.0862745098	1.10972702807	0
1336	847	363	91	75	15.68	2366	629	128303	26	7.2726837916	0.0345069523009	6	6	0	0	8	2.43986254296	1.97116236228	0.618556701031	0.515959896553	3.40206185567	2.95119330192	0.563573883162	0.555236711895	0.512027491409	0.705164086395	0.0	0.0	1.52577319588	1.29100978968	0
1312	816	305	96	87	12.908045977	2343	68	32025	26	81.9498946491	0.481450172631	3	3	0	0	0	2.05841924399	2.18632278787	0.714776632302	0.988391728959	4.19931271478	3.15248993281	0.450171821306	0.439957015151	0.865979381443	1.10735584133	0.0687285223368	0.0640049125542	0.931271477663	0.892100943541	0
684	455	206	48	44	13.3181818182	3438	140	46903	26	61.6472262821	0.665679133718	3	3	0	0	0	2.16243654822	2.15532479579	0.355329949239	0.295910742354	4.54822335025	2.87531242753	0.862944162437	0.696951737999	0.725888324873	0.68911850344	0.0	0.0	1.46700507614	1.19513514906	1
1200	688	295	86	75	14.04	330	21	4142	25	78.55487	0.66197556	15	15	0	0	0	3.00343642612	3.13978342249	0.893470790378	0.682774176025	3.28178694158	2.45908763477	0.780068728522	0.941320957476	0.45704467354	0.372220450869	0.0343642611684	0.0331833587227	1.31271477663	1.33380569431	1
1749	1048	362	190	93	16.8709677419	1438	70	32674	25	79.5053695385	0.50368195334	1	1	0	0	0	3.4295532646	3.68564376897	0.347079037801	0.32222104132	1.95189003436	1.75826926938	0.515463917526	0.531547808836	0.151202749141	0.139677141271	0.103092783505	0.0924646614943	2.66666666667	2.31631652909	1
1261	753	345	111	109	9.93577981651	709	8	6625	23	101.40800787	0.436579178214	5	5	0	0	0	2.0	2.65055915731	0.927835051546	0.800581004003	3.98969072165	2.70731332885	0.927835051546	0.829843766606	0.762886597938	0.683388245297	0.0	0.0	1.28865979381	1.18246123688	1
848	527	223	66	60	12.3166666667	105	2	1110	23	91.9933027655	0.327171517808	8	8	0	0	0	2.83568075117	2.51387511296	0.56338028169	0.5219422954	3.42253521127	1.95177323723	0.657276995305	0.506954087593	0.619718309859	0.660318719831	0.0	0.0	1.15023474178	0.927858229187	1
8152	4461	1147	579	480	14.7125	68	0	1179	23	175.95233	0.10107949	53	53	0	0	0	4.84192439863	7.70442011785	0.549828178694	0.523045311227	2.59793814433	2.61895820786	0.395189003436	0.342107438505	0.185567010309	0.167192168255	0.0343642611684	0.0331833587227	1.05154639175	0.916498388068	1
2083	1147	435	226	155	11.2580645161	469	28	12254	23	43.1149006011	0.145006369652	12	12	0	0	0	3.73195876289	5.48342603418	1.18213058419	1.10303373838	3.12371134021	3.31715496983	0.481099656357	0.448955491787	0.137457044674	0.128009825108	0.103092783505	0.131552532445	0.85910652921	0.805186523541	1
632	361	166	43	32	17.34375	61	1	754	22	98.0428	0.39567232	3	3	0	0	0	2.81132075472	2.45037775404	0.62893081761	0.611526442783	3.35849056604	2.9822396266	0.566037735849	0.560104426249	0.345911949686	0.369684743483	0.062893081761	0.0589375420276	1.32075471698	1.43862980104	0
932	521	245	82	67	12.3582089552	58	3	1637	22	0.0	0.0	3	3	0	0	0	2.42338709677	2.94522307492	0.887096774194	0.96058792924	3.52016129032	2.10410704995	0.95564516129	1.03432297086	0.899193548387	0.985025364204	0.0403225806452	0.0386966701353	1.1935483871	1.24099245578	0
1959	1154	470	147	126	13.5476190476	49	3	1328	22	92.6651898544	0.471746412324	21	21	0	0	0	3.28178694158	3.24488374015	0.821305841924	1.01517459643	3.59450171821	2.75001476128	0.721649484536	0.798809650335	0.175257731959	0.159421830163	0.0	0.0	1.09965635739	1.14559346252	1
1495	938	376	120	93	14.0107526882	138	3	5631	22	105.454942632	0.270183645736	16	16	0	0	0	2.3264604811	1.80867018576	0.725085910653	0.614943139547	3.39175257732	2.89784012943	0.914089347079	0.813925201639	0.85910652921	0.858492459938	0.171821305842	0.190408710336	1.3264604811	1.20763807702	1
721	424	216	52	38	17.0789473684	1986	44	22804	21	69.690765	0.7021005	0	0	0	0	2	3.37914691943	2.54019451495	0.236966824645	0.198782596977	3.16113744076	2.55690572988	0.469194312796	0.391231104423	0.644549763033	0.924642303632	0.0	0.0	1.08530805687	0.999483389861	0
2026	860	282	212	78	24.3461538462	17	1	637	20	87.72803	0.27450982	8	8	0	0	0	3.42456140351	3.59409048938	0.315789473684	0.348784241305	3.32280701754	3.65128962758	0.456140350877	0.451585103109	0.550877192982	0.55027393044	0.0	0.0	1.4701754386	3.8076208064	0
1769	970	353	169	117	12.5555555556	146	2	1865	20	118.825069299	0.183701596082	3	3	0	0	0	2.50515463918	1.83573646981	0.274914089347	0.227677991521	4.19931271478	4.17888310247	0.573883161512	0.622548151297	0.460481099656	0.519455367792	0.103092783505	0.0924646614943	0.917525773196	0.918316977834	1
4723	2708	884	332	318	13.3144654088	193	97	5810	20	105.241451828	0.36956266233	30	30	0	0	6	3.80412371134	5.98226284527	0.501718213058	0.62075317958	3.34020618557	2.67387017159	0.274914089347	0.309301968564	0.415807560137	0.423447998961	0.0343642611684	0.0331833587227	0.584192439863	0.570163318808	1
1114	706	237	91	68	14.5	194	2	1750	20	68.8875270462	0.239871542916	1	1	0	0	0	2.61802575107	2.1341708265	0.472103004292	0.516642413749	2.68240343348	1.84678295787	0.68669527897	0.884672769806	0.81974248927	0.828897198327	0.0429184549356	0.0410764611616	1.7982832618	2.30127650169	0
1410	833	369	116	90	13.3666666667	762	38	22181	20	57.1345074366	0.325575119973	15	15	0	0	0	3.58762886598	3.67102419669	0.893470790378	0.637829028944	3.48453608247	2.50070263696	0.6735395189	0.81782217971	0.412371134021	0.429801254118	0.0446735395189	0.0433863558531	0.989690721649	1.16729844948	1
1291	787	307	91	84	13.4404761905	2455	84	31948	20	82.5851962617	0.585729852522	2	2	0	0	0	2.05498281787	2.04747227832	0.783505154639	0.723845963085	4.43986254296	3.23864857524	0.415807560137	0.394114382211	0.838487972509	1.02535397551	0.0	0.0	0.896907216495	0.839385458367	0
598	359	199	64	46	11.4782608696	113	6	2107	19	101.254234	0.8595565	1	1	0	0	0	2.62886597938	2.36082474227	0.257731958763	0.212562440217	3.5206185567	2.57617706451	0.69587628866	0.861117015623	0.922680412371	0.790121160591	0.0515463917526	0.0488893612499	1.15979381443	1.30887979594	1
1534	979	385	137	110	11.9909090909	329	55	16413	19	173.29200774	0.609847173693	2	2	0	0	0	2.14432989691	1.90618910972	0.756013745704	0.543285979145	3.73883161512	2.92051345638	1.02749140893	0.652165184634	0.611683848797	0.500773491102	0.254295532646	0.204744866027	1.40549828179	0.984778167476	1
538	324	195	54	47	9.72340425532	138	2	1246	19	92.57255592	0.497711288992	1	1	0	0	0	2.61170212766	2.19281914894	0.239361702128	0.201873019466	3.8829787234	2.65380262562	0.88829787234	0.758799230421	0.63829787234	0.562245359891	0.0531914893617	0.0503621548212	1.50531914894	1.35861815301	1
719	392	161	53	26	25.5769230769	360	22	8055	19	78.30962669	0.46275791763	1	1	0	0	2	2.91447368421	2.73576004155	0.263157894737	0.193905817175	2.42763157895	1.9163348338	0.855263157895	0.715893351801	0.723684210526	1.11894044321	0.0657894736842	0.0614612188366	2.39473684211	3.05713296399	1
556	324	174	55	43	10.8837209302	363	10	1496	18	71.70458	0.6510927	6	6	0	0	0	3.28143712575	2.55835634121	0.419161676647	0.458890602029	3.18562874251	2.02144214565	0.62874251497	0.628634945678	0.51497005988	0.4660618882	0.119760479042	0.105417906702	1.28143712575	1.31671985371	1
749	484	236	84	67	9.26865671642	167	5	1220	18	97.4070155885	0.597840793453	6	6	0	0	0	2.33771929825	2.33085180055	0.701754385965	0.640043090182	3.48245614035	3.2960141582	0.521929824561	0.486361188058	0.517543859649	0.4662203755	0.0877192982456	0.132656201908	1.60087719298	1.73528393352	1
1586	983	445	117	104	13.25	145	10	3411	18	107.976699058	0.124287505462	10	10	0	0	0	3.19243986254	2.13998417591	0.962199312715	0.777742350704	3.07560137457	2.05023559004	0.824742268041	0.666879229107	0.137457044674	0.146054014478	0.171821305842	0.238518675972	1.31271477663	1.14618391375	1
2089	1107	476	116	76	22.9342105263	278	22	6797	18	99.7473115523	0.371388008393	14	14	0	0	0	4.14776632302	3.67529906354	0.893470790378	0.949067677519	3.00343642612	2.35722298981	0.446735395189	0.439602744417	0.106529209622	0.10037670788	0.0	0.0	0.687285223368	0.650630011455	1
1112	650	279	66	63	14.8412698413	216	19	5283	18	175.243987997	0.456026268669	3	3	0	0	2	2.98909090909	3.18143471074	0.727272727273	0.91305785124	2.54909090909	2.37172892562	0.836363636364	0.864132231405	0.658181818182	0.652165289256	0.0	0.0	1.66909090909	1.80011900826	1
4053	2531	777	307	292	11.8732876712	244	18	15942	18	167.558640633	0.149116561341	34	34	0	0	0	3.78694158076	3.34082025484	0.687285223368	0.686505827754	3.48797250859	2.18932228009	0.525773195876	0.462394161618	0.309278350515	0.260861350244	0.103092783505	0.0924646614943	0.611683848797	0.543285979145	0
1013	621	295	81	80	11.025	842	103	25186	18	145.043349387	0.599106564666	2	2	0	0	0	2.09621993127	1.93793176746	0.618556701031	0.591561271123	3.45017182131	2.68461638384	0.962199312715	0.764894132096	0.838487972509	0.820325692895	0.0687285223368	0.0640049125542	1.15807560137	0.939880256492	0
1084	646	334	87	80	11.425	137	10	2400	18	62.037639046	0.393562631256	5	5	0	0	0	2.26116838488	1.89442732136	0.687285223368	0.688229945324	4.3058419244	3.13659498589	0.670103092784	0.523470436107	0.80412371134	0.766358451128	0.0343642611684	0.0331833587227	1.25429553265	1.17485622513	1
1115	689	296	95	81	11.987654321	91	3	1167	17	110.915356915	0.349471127348	6	6	0	0	0	2.65979381443	2.0087386781	0.549828178694	0.676397302819	3.75257731959	3.12393571167	0.872852233677	0.66768224277	0.676975945017	0.645434040694	0.0687285223368	0.0640049125542	1.36426116838	1.09051617246	1
1451	784	362	142	112	11.25	439	32	11139	17	163.48793	0.49576315	2	2	0	0	2	2.94501718213	2.4550961845	0.735395189003	0.769546887732	2.94501718213	1.73219494338	0.549828178694	0.508685537488	0.20618556701	0.182567518097	0.0343642611684	0.0331833587227	1.85567010309	2.56347941097	1
1772	1078	456	185	177	8.50847457627	56	2	474	17	155.54921	0.11893204	10	10	0	0	0	3.07560137457	2.61425821613	0.694158075601	0.659014418819	4.15807560137	3.25605507729	0.491408934708	0.435493203906	0.274914089347	0.298980881189	0.0	0.0	0.86941580756	0.741039902694	1
2360	1379	559	228	200	10.515	200	4	2943	17	89.0196865226	0.39805326028	9	9	0	0	0	2.82817869416	2.16013037163	0.690721649485	0.732891675819	4.26804123711	1.78654007392	0.628865979381	0.652637545612	0.446735395189	0.417236452097	0.0343642611684	0.0331833587227	0.86941580756	0.879559759568	1
576	357	155	51	51	8.49019607843	189	30	5389	17	55.7015441293	0.39163807897	2	2	0	0	0	2.07857142857	1.53464285714	0.942857142857	0.680408163265	3.45	2.14239795918	1.15	0.684642857143	0.642857142857	0.85612244898	0.0714285714286	0.0663265306122	1.85	1.27423469388	1
2322	1306	460	224	182	11.0714285714	212	9	3128	16	152.855902368	0.400634367426	6	6	0	0	0	2.9175257732	2.76534287503	0.955326460481	0.97859023866	3.30927835052	2.90891699437	0.577319587629	0.34024161264	0.309278350515	0.260861350244	0.0	0.0	1.52920962199	1.08121066119	1
2777	1415	454	271	236	10.2881355932	21	0	336	16	86.61909	0.12345679	12	12	0	0	0	4.58075601375	7.60985345001	0.446735395189	0.437855008798	3.12027491409	2.95192546144	0.374570446735	0.48169010758	0.171821305842	0.156469574048	0.0	0.0	0.890034364261	1.00891581346	1
259	170	111	22	20	10.85	1642	91	24257	16	2.89229930692	0.0153110543327	1	1	0	0	0	2.31683168317	2.07352220371	0.544554455446	0.29702970297	4.06930693069	3.86687579649	0.782178217822	0.724830898931	0.90099009901	1.47769826488	0.0	0.0	0.980198019802	0.903244779924	0
931	584	275	63	56	14.5535714286	90	9	3590	16	68.2261618093	0.329790970676	4	4	0	0	0	2.51470588235	2.59399329585	0.992647058824	1.01140787197	2.94117647059	2.52086937716	0.878676470588	0.687486483564	0.830882352941	1.13229887543	0.0735294117647	0.0681228373702	1.44852941176	1.12194528547	1
1388	789	218	145	133	6.87969924812	141	12	2352	16	52.2506843947	0.242742423336	8	8	0	0	0	3.42583732057	3.07360179483	0.765550239234	0.848194867334	4.40669856459	3.13110963577	0.267942583732	0.30141251345	0.320574162679	0.316476271148	0.0	0.0	0.507177033493	0.501728440283	0
1384	824	326	129	100	12.15	263	9	5344	16	53.7954785887	0.166576207312	4	4	0	0	0	2.58075601375	2.51473175801	0.776632302405	0.821530213389	3.62542955326	2.88407080691	0.85910652921	0.918293359786	0.931271477663	1.08808351342	0.0	0.0	1.15120274914	1.17639139831	1
282	163	89	18	16	13.875	905	30	24166	16	27.8031874176	0.275744915477	3	3	0	0	0	2.74666666667	1.96124444444	0.533333333333	0.391111111111	3.32	4.96284444444	0.626666666667	0.820622222222	0.44	0.296177777778	0.0	0.0	1.06666666667	1.15946666667	0
2361	1369	520	223	166	12.7228915663	493	65	7503	16	110.684272354	0.499128652988	24	24	0	0	0	3.29896907216	2.59160850722	0.604810996564	0.583460280346	3.97250859107	3.04632680294	0.20618556701	0.191164487902	0.0687285223368	0.0640049125542	0.0	0.0	0.886597938144	0.819050318253	0
2188	1326	587	216	190	10.2	125	3	2281	15	209.0329	0.62023807	21	21	0	0	2	3.35738831615	2.53003625371	1.03436426117	0.784473494645	2.735395189	2.43272989218	0.426116838488	0.388871175352	0.371134020619	0.343642611684	0.0343642611684	0.0331833587227	0.931271477663	0.839078423731	1
2791	1722	396	212	178	14.4775280899	44	0	1099	15	124.68751	0.10621469	16	16	0	0	0	2.10996563574	2.26501812685	1.10652920962	1.12051109458	3.79037800687	2.27871659522	0.986254295533	1.2231787532	0.85910652921	0.956412890731	0.0	0.0	1.22680412371	1.50508378503	1
1797	1082	393	198	146	10.6438356164	289	16	6360	15	158.3218623	0.319209826923	19	19	0	0	0	2.87972508591	2.02720799235	1.20274914089	0.874977858079	3.05841924399	1.62614990376	0.824742268041	0.65313352464	0.687285223368	0.597465783352	0.0824742268041	0.0756722287172	1.06529209622	0.919143609546	1
5951	3487	930	496	420	12.3880952381	12	1	197	15	189.01944	0.23225807	11	11	0	0	2	3.93127147766	4.11431135674	0.525773195876	0.513527237515	4.13402061856	2.68931637557	0.226804123711	0.257838239983	0.171821305842	0.261711600005	0.0343642611684	0.0331833587227	0.577319587629	0.757619773031	1
821	520	238	70	66	10.8333333333	178	20	7499	15	90.1223487865	0.641207510728	5	5	0	0	0	1.79555555556	1.23444938272	0.88	0.637945679012	3.83555555556	2.9070617284	0.924444444444	0.834291358025	0.866666666667	0.897777777778	0.0	0.0	1.36888888889	1.20268641975	1
1467	795	318	92	81	15.6913580247	732	24	14860	15	92.0098844838	0.418967834839	7	7	0	0	0	3.47422680412	4.10335258204	0.577319587629	0.715674118161	2.87972508591	2.11393346796	0.553264604811	0.460221301118	0.378006872852	0.409064607173	0.0	0.0	1.30927835052	1.26316411001	0
903	566	270	83	81	9.44444444444	361	54	18527	15	81.8035995528	0.219269754236	6	6	0	0	0	2.47307692308	2.61276627219	0.961538461538	1.11213017751	3.30769230769	2.18	1.0	0.992307692308	0.834615384615	0.990103550296	0.115384615385	0.102071005917	1.45384615385	1.45556213018	1
659	395	203	62	56	9.75	1819	304	358467	15	97.5255733178	0.721429121957	2	2	0	0	0	2.4923857868	2.0048957716	0.456852791878	0.289365868742	2.90355329949	2.61423896519	0.964467005076	0.805844005257	0.558375634518	0.624391249452	0.152284263959	0.12909376691	1.55837563452	1.36818779149	0
5655	3401	794	455	380	13.0763157895	29	2	859	15	117.742099557	0.0811648389066	44	44	0	0	0	4.01030927835	2.7941096586	0.848797250859	0.973677684486	3.09621993127	2.38258877434	0.343642611684	0.390500820727	0.171821305842	0.156469574048	0.0	0.0	0.652920962199	0.637191341623	1
823	334	173	50	18	37.2777777778	85	5	1557	14	54.153493933	0.501547681417	4	4	0	0	0	3.3141025641	3.27724358974	0.448717948718	0.322320841552	2.26923076923	3.79437869822	0.705128205128	0.630999342538	0.538461538462	0.713675213675	0.0	0.0	2.50641025641	9.15396942801	1
1195	729	290	113	99	10.1414141414	105	8	1895	14	71.5271726426	0.461927173339	1	1	0	0	0	3.05226480836	2.83834937901	0.585365853659	0.590804793065	4.14982578397	2.69334336947	0.592334494774	0.408721727835	0.853658536585	0.986293387075	0.0	0.0	0.940766550523	0.702473017762	1
507	300	144	45	28	15.3928571429	300	10	4180	14	63.6551307246	0.41778023131	0	0	0	0	0	3.00746268657	1.97042771219	0.373134328358	0.311873468479	2.84328358209	2.46742036088	0.373134328358	0.338382713299	0.932835820896	1.25646023613	0.0	0.0	1.10447761194	1.18623301403	0
561	307	87	18	6	91.5	674	51	9364	14	24.4489106987	0.205595082212	5	5	0	0	0	5.0	7.43162393162	0.384615384615	0.313609467456	1.85897435897	1.6858974359	0.128205128205	0.111768573307	0.217948717949	0.244740302433	0.0	0.0	1.96153846154	1.35322156476	0
1686	1076	512	253	197	6.99492385787	479	3	14506	14	0.0	0.0	8	8	0	0	0	4.09621993127	3.11609451943	0.676975945017	0.662746070547	3.74226804124	2.48008408025	0.240549828179	0.244541278445	0.0343642611684	0.0331833587227	0.103092783505	0.0971882712769	0.481099656357	0.4508449357	0
721	435	235	46	40	15.225	373	21	8890	14	55.35407948	0.476323602637	3	3	0	0	0	3.25112107623	3.67041364194	0.67264573991	0.656598765308	3.19730941704	3.09340626194	0.609865470852	0.596673972933	0.726457399103	0.677471897685	0.0	0.0	1.19282511211	1.15775503227	0
16837	9403	1467	1662	1144	13.3304195804	18	0	330	13	102.623254412	0.08585973	75	75	0	0	2	5.16838487973	5.56892337124	0.240549828179	0.236156871081	2.9587628866	2.3552390737	0.240549828179	0.182685608342	0.240549828179	0.240667918423	0.0	0.0	0.824742268041	0.657502863688	0
3718	2108	714	328	288	11.4756944444	131	8	2955	13	0.0	0.0	30	30	0	0	0	3.55670103093	4.82899351685	0.412371134021	0.337667245309	3.36082474227	3.00433391198	0.659793814433	0.726184149927	0.446735395189	0.346358687309	0.0	0.0	1.2439862543	1.17438386415	1
2235	1283	457	176	128	15.265625	217	9	3217	13	78.9257326311	0.152494578128	9	9	0	0	0	4.02405498282	4.0412371134	0.556701030928	0.463858480651	3.35738831615	2.65627472514	0.343642611684	0.37675511626	0.309278350515	0.281479906945	0.0	0.0	0.687285223368	0.748337879808	1
547	285	158	44	32	14.15625	458	25	9034	13	57.5878931299	0.47287898699	1	1	0	0	0	3.38666666667	2.39084444444	0.733333333333	0.68	2.83333333333	2.50333333333	0.4	0.48	0.553333333333	0.577822222222	0.0	0.0	1.58	2.31826666667	0
256	152	105	30	25	7.88	54	26	16844	13	31.0281587302	0.650985524981	3	3	0	0	0	2.95348837209	3.32747431044	0.46511627907	0.570037858302	3.47674418605	2.9011627907	0.779069767442	1.12560843699	0.46511627907	0.356949702542	0.0	0.0	1.87209302326	1.60803136831	0
802	456	203	69	54	11.9444444444	437	30	11985	13	64.7594786971	0.62185226175	11	11	0	0	0	2.84020618557	3.27136252524	0.309278350515	0.272079923478	3.14948453608	2.84761930067	0.463917525773	0.640450632373	0.592783505155	0.666941226485	0.0515463917526	0.0488893612499	1.32989690722	2.35795514933	0
297	156	94	22	17	14.8823529412	61	2	765	12	0.0	0.0	3	3	0	0	0	3.0987654321	2.69257735101	0.37037037037	0.294162475232	3.16049382716	2.77823502515	0.37037037037	0.233196159122	0.308641975309	0.259106843469	0.0	0.0	1.08641975309	0.890413046792	0
618	378	191	56	43	12.9534883721	673	23	10970	12	0.0	0.0	0	0	0	0	0	2.71957671958	1.76736373562	0.687830687831	0.743092298648	2.94708994709	2.57657960303	1.00529100529	1.44441644971	0.777777777778	1.12902774278	0.0529100529101	0.0501105792111	1.71428571429	2.06192435822	0
9993	5703	711	122	116	85.1206896552	12	0	812	12	81.77292	0.21686748	0	0	0	0	4	8.3883161512	8.97759828061	0.137457044674	0.125648020217	0.426116838488	0.366717445472	0.0687285223368	0.0640049125542	0.0	0.0	0.0	0.0	0.415807560137	0.424841463847	1
562	352	205	53	47	10.2553191489	487	69	19602	12	62.194923	0.36455902	3	3	0	0	0	1.535	1.740075	0.7	0.605	4.475	3.966875	0.89	1.0179	0.875	0.809375	0.2	0.16	1.485	1.550375	1
3518	2013	679	290	213	15.0328638498	128	2	2576	12	173.69565	0.113216266	13	13	0	0	0	3.82817869416	3.88410623398	0.687285223368	0.565605035368	3.45360824742	2.70596710006	0.278350515464	0.262727176108	0.240549828179	0.245391528206	0.0	0.0	0.725085910653	0.829891002704	0
876	482	253	64	65	11.9692307692	43	1	1038	12	0.0	0.0	7	7	0	0	0	3.92156862745	4.77960784314	0.43137254902	0.343713956171	2.47058823529	1.94294502115	0.549019607843	0.522106881968	0.709803921569	0.828758169935	0.0	0.0	1.21568627451	1.25828527489	0
1141	659	250	110	68	14.5	212	40	9959	12	74.386925	0.31268933	2	2	0	0	0	2.79253112033	2.70942304712	0.290456431535	0.270897539643	2.90871369295	1.70196794132	0.539419087137	0.613591363785	0.746887966805	1.14298996229	0.290456431535	0.230987758475	1.1244813278	1.1531481896	0
2106	1199	425	166	138	13.8043478261	435	16	3603	12	141.52394	0.5363129	11	11	0	0	0	3.08591065292	3.23567270108	0.735395189003	0.748928331031	2.61512027491	2.14529823691	0.697594501718	0.65769180808	0.171821305842	0.151745964266	0.0	0.0	1.76975945017	2.06752400184	0
1424	897	348	150	112	11.1160714286	292	10	6220	12	81.8526160974	0.273654624396	0	0	0	0	0	3.28865979381	2.72890022555	0.546391752577	0.378337525537	3.10309278351	2.53839704302	0.515463917526	0.543994520613	0.257731958763	0.334124537972	0.0343642611684	0.0331833587227	1.25773195876	1.02303940671	0
993	586	265	93	78	11.0769230769	99	12	3648	12	100.392344185	0.593103138964	11	11	0	0	0	2.37022900763	1.83586329468	0.87786259542	0.557077093409	3.33969465649	2.18508536799	0.763358778626	0.93636734456	0.935114503817	0.874380863586	0.0381679389313	0.036711147369	1.25954198473	1.4641920634	1
2725	1527	631	272	170	14.7764705882	47	55	1634	12	42.8098952379	0.266914885118	2	2	0	0	2	6.00343642612	4.5661010144	0.474226804124	0.49300315301	1.33333333333	1.18560243738	0.103092783505	0.154320331597	0.116838487973	0.115728439674	0.0	0.0	0.85910652921	1.48798431762	1
394	215	139	39	20	16.45	401	37	8232	12	38.5022571525	0.650086591359	2	2	0	0	0	3.08943089431	1.74486086324	0.569105691057	0.439420979576	2.86991869919	2.54993720669	0.487804878049	0.575054531033	0.869918699187	0.717562297574	0.0	0.0	1.50406504065	1.4307621125	1
222	152	98	20	21	8.28571428571	998	46	13751	12	0.0	0.0	2	2	0	0	0	2.81609195402	0.977936319197	0.494252873563	0.530056810675	3.34482758621	2.93856520016	1.0	1.63218390805	0.758620689655	0.468489892985	0.0	0.0	1.22988505747	1.80922182587	0
1792	1097	457	175	143	10.7482517483	128	8	2244	12	89.7138848513	0.382150324176	8	8	0	0	6	2.57731958763	1.92961821424	0.903780068729	0.839031187634	3.98281786942	2.32342556181	0.790378006873	0.852965836492	0.316151202749	0.266317119543	0.0	0.0	1.20274914089	1.27417012081	1
342	191	93	21	7	42.4285714286	588	62	13951	12	98.4763555162	0.380285889503	3	3	0	0	0	3.41558441558	3.9227525721	0.649350649351	0.570416596391	3.14285714286	2.76842637882	0.25974025974	0.19227525721	0.688311688312	0.738741777703	0.0	0.0	0.38961038961	0.305279136448	1
1968	978	271	219	92	19.902173913	87	3	1799	11	86.3979013997	0.146764895522	12	12	0	0	2	2.31178707224	2.50733710188	0.266159695817	0.227124868077	2.46007604563	2.46844684758	0.494296577947	0.888750740939	0.490494296578	0.526305136694	0.0380228136882	0.0365770793274	3.33460076046	10.9367780364	0
1703	1008	374	162	124	12.4435483871	536	47	22900	11	121.532486	0.5525313	6	6	0	0	0	3.82817869416	2.51650311168	0.481099656357	0.465039383097	3.19243986254	2.14867561791	0.54295532646	0.509323224808	0.343642611684	0.289108536744	0.0	0.0	1.32989690722	1.77650240314	0
829	474	247	76	50	15.42	153	24	887	11	65.92082	0.4152652	3	3	0	0	8	3.96581196581	3.24329753817	0.384615384615	0.403754839652	2.59829059829	2.24581780992	0.401709401709	0.539484257433	0.435897435897	0.500949667616	0.042735042735	0.0409087588575	1.47008547009	2.08809993425	1
2706	1494	452	182	164	13.2256097561	9	0	315	11	244.498826025	0.218605457362	17	17	0	0	0	3.55326460481	2.92941746082	0.989690721649	0.759036855965	2.92783505155	2.28757336356	0.632302405498	0.500537310613	0.515463917526	0.44345248639	0.103092783505	0.0971882712769	0.910652920962	0.799872462536	1
3560	2031	730	313	223	13.7399103139	115	8	8108	11	149.05873611	0.373456119099	9	9	0	0	0	3.96219931271	3.56549875415	0.378006872852	0.341209952646	2.85567010309	2.21128706558	0.515463917526	0.565912070004	0.274914089347	0.317025070559	0.103092783505	0.0924646614943	1.3058419244	1.86299169826	0
2299	1381	549	136	120	17.3916666667	92	14	4705	11	175.525336592	0.206573097742	23	23	0	0	4	3.39175257732	3.21401495022	0.917525773196	0.98881685384	3.10996563574	2.67162645694	0.53264604811	0.441374098086	0.309278350515	0.301673338765	0.0687285223368	0.0640049125542	0.962199312715	0.863688430699	1
945	501	273	81	68	12.0147058824	164	11	3706	11	68.3877728717	0.403129028638	3	3	0	0	2	3.47924528302	3.72186543254	0.607547169811	0.691406194375	2.26037735849	2.15797792809	0.716981132075	0.791598433606	0.694339622642	0.760897116412	0.0	0.0	1.43396226415	1.40519757921	1
948	535	258	77	68	11.7941176471	94	10	1320	11	83.1491661952	0.225989485792	5	5	0	0	0	2.52362204724	2.80539711079	0.748031496063	0.57083514167	3.05118110236	2.1479477959	0.866141732283	0.840349680699	0.972440944882	1.08173166346	0.0393700787402	0.0378200756402	1.49606299213	1.45632091264	1
1237	732	326	135	88	11.9659090909	539	21	15384	11	62.0478131502	0.480343567647	8	8	0	0	0	2.26116838488	1.85382789528	0.731958762887	0.772003164819	3.36082474227	2.41872438918	0.694158075601	0.514708139961	0.718213058419	0.761989112079	0.0687285223368	0.0640049125542	1.73883161512	2.32540947792	1
2606	1529	617	285	207	11.2850241546	202	6	4662	11	113.467512436	0.521188225868	18	18	0	0	0	2.88659793814	2.26400255075	0.687285223368	0.710430911302	3.68041237113	2.1336073027	0.584192439863	0.455970052314	0.240549828179	0.286628641608	0.0343642611684	0.0331833587227	1.0618556701	0.878803982003	0
2852	1667	580	287	231	10.619047619	124	95	24875	11	85.9112216427	0.266574272914	32	32	0	0	0	3.21649484536	2.45256905327	0.584192439863	0.578996469102	2.91065292096	2.89458083868	0.749140893471	0.730884141661	0.237113402062	0.210909176793	0.0343642611684	0.0331833587227	1.87628865979	1.86027562263	0
1461	799	327	145	96	13.6770833333	10	1	306	11	64.0756352667	0.408732028315	1	1	0	0	0	3.16494845361	4.33308534382	0.756013745704	0.734851973878	3.67010309278	3.05579764056	0.704467353952	0.998571108041	0.309278350515	0.336840613597	0.0343642611684	0.0331833587227	1.11683848797	1.32936550112	1
548	310	124	53	37	12.2972972973	609	310	37336	11	30.2909186854	0.382439041375	0	0	0	0	0	2.70689655172	2.83308561237	0.51724137931	0.523781212842	3.04310344828	2.56829667063	0.318965517241	0.303433412604	0.431034482759	1.06331747919	0.0	0.0	2.43103448276	2.35211058264	0
1264	781	297	83	80	13.25	56	6	3823	10	101.393885493	0.605840396817	8	8	0	0	0	2.47079037801	3.46346878284	1.16838487973	0.822285990954	3.10652920962	2.3976807076	0.945017182131	1.04165042926	1.01718213058	1.14438894203	0.171821305842	0.162917301402	1.20618556701	1.25728321583	1
1108	631	261	108	85	11.1176470588	1364	170	10753	10	125.485619891	0.504710476948	3	3	0	0	0	2.87209302326	1.78785830178	0.565891472868	0.51649540292	3.96124031008	3.56066342167	0.503875968992	0.405023736554	0.302325581395	0.33946277267	0.0	0.0	1.11240310078	0.865708190614	0
1812	1027	483	124	112	14.0446428571	48	0	996	10	179.05954	0.084269665	11	11	0	0	0	3.68728522337	4.02387784745	0.711340206186	0.762225292569	3.49484536082	2.62838180938	0.378006872852	0.283227642564	0.309278350515	0.239392543782	0.103092783505	0.0924646614943	0.756013745704	0.643757159221	1
1063	558	297	63	58	15.9655172414	165	14	4598	10	48.4788052221	0.625047325366	6	6	0	0	0	3.39175257732	4.03027833871	0.652920962199	0.865979381443	2.62542955326	1.75323862496	0.549828178694	0.536176946422	0.618556701031	0.804100093291	0.0343642611684	0.0331833587227	1.01718213058	0.907287348992	0
245	160	112	26	25	8.16	2087	85	27752	10	0.0	0.0	2	2	0	0	0	2.55555555556	0.926232017141	0.666666666667	0.842158963371	3.32323232323	2.96153453729	0.878787878788	1.15702479339	0.666666666667	0.462809917355	0.0	0.0	1.28282828283	1.45903479237	0
3355	1577	567	292	216	14.0277777778	39	2	633	10	58.6224589875	0.212223067645	33	33	0	0	0	4.87285223368	8.14879370815	0.309278350515	0.294800486532	3.08591065292	3.95075636802	0.171821305842	0.176663005869	0.151202749141	0.138260058337	0.0	0.0	1.06529209622	1.81542494775	1
920	583	256	90	82	9.48780487805	29	2	722	10	94.4797241116	0.514228820774	13	13	0	0	0	1.73092369478	2.19835163949	1.16465863454	1.11875614909	3.98795180723	2.87034080095	1.16465863454	1.5592329156	0.682730923695	0.705891840454	0.0401606425703	0.0385477653586	1.46987951807	1.85561523201	1
1619	919	258	141	81	15.7407407407	343	19	5014	10	57.6265619635	0.284363175255	11	11	0	0	0	2.41064638783	2.32951177551	0.406844106464	0.330205728	3.64258555133	2.78899507005	0.836501901141	0.752736052278	0.661596958175	0.615304543943	0.0760456273764	0.077867252671	1.48288973384	1.54713816883	1
698	394	207	52	39	16.5897435897	274	29	8620	10	53.846076348	0.621306246009	7	7	0	0	0	3.09644670051	2.86423252338	0.741116751269	0.810172898039	3.44670050761	3.44487103507	0.609137055838	0.583266768018	0.654822335025	0.83918678657	0.0	0.0	0.812182741117	0.765698678142	0
593	348	148	52	38	12.7894736842	1518	54	21314	10	20.6188738509	0.154377446946	4	4	0	0	0	3.45323741007	2.90875213498	0.791366906475	0.484446974794	2.35971223022	1.54370891776	0.489208633094	0.638372755033	0.618705035971	0.674706278143	0.0	0.0	2.02158273381	1.75591325501	1
2500	1453	489	198	151	14.6225165563	401	62	12589	10	93.7872441464	0.326755203568	6	6	0	0	22	3.09621993127	2.25651562924	0.635738831615	0.712769098145	2.42611683849	1.6654739552	0.790378006873	1.0179142901	0.254295532646	0.215136807548	0.0687285223368	0.0640049125542	1.71821305842	1.76733860016	0
2375	1524	502	248	215	9.35348837209	213	4	3805	10	59.7340064483	0.174199970979	8	8	0	0	8	4.12714776632	4.22616643639	0.498281786942	0.51929004145	3.34020618557	3.00638868223	0.422680412371	0.443334396146	0.0687285223368	0.0640049125542	0.0	0.0	0.628865979381	0.646520470944	1
879	526	263	74	58	12.775862069	213	62	6337	10	51.764241237	0.453681402432	4	4	0	0	4	2.60769230769	1.99807692308	0.423076923077	0.34349112426	2.74230769231	1.84471893491	0.653846153846	0.610946745562	0.796153846154	0.925310650888	0.0769230769231	0.0710059171598	1.56538461538	1.44779585799	0
1218	704	294	80	72	15.0416666667	196	27	11258	10	99.5609237754	0.188060489198	5	5	0	0	0	2.67010309278	1.7685195026	0.893470790378	0.938557645753	3.23367697595	2.59082911161	0.92439862543	0.647205394362	0.810996563574	1.12478596143	0.0343642611684	0.0331833587227	1.26804123711	0.997957038769	1
1089	604	325	101	72	13.2083333333	269	25	9116	10	62.2967674312	0.39227335647	9	9	0	0	2	2.92439862543	2.66881590912	0.790378006873	0.796849352275	3.47422680412	2.32137079156	0.422680412371	0.353987317108	0.491408934708	0.496286061808	0.0687285223368	0.0640049125542	1.04810996564	1.27910629303	0
2566	1561	550	245	188	11.7234042553	332	2	6388	10	27.5104274264	0.0637055485296	7	7	0	0	0	3.48797250859	2.56385729975	0.931271477663	0.94904405947	3.4089347079	2.31912707691	0.563573883162	0.507126746259	0.257731958763	0.220828757336	0.0	0.0	0.814432989691	0.720090693308	1
586	360	159	43	34	15.2647058824	9	2	358	9	57.629337	0.7694704	1	1	0	0	0	2.3724137931	2.96903686088	0.620689655172	0.492746730083	4.23448275862	3.20732461356	0.827586206897	0.997859690844	0.724137931034	0.622116527943	0.0	0.0	1.1724137931	1.26183115339	1
615	401	211	58	55	9.47272727273	262	17	9883	9	67.9307245998	0.810156528153	2	2	0	0	0	2.57070707071	2.13531782471	1.0101010101	1.112845628	2.69191919192	1.46028466483	1.11111111111	1.02805836139	0.888888888889	0.850117334966	0.0505050505051	0.0479542903785	1.71717171717	1.5261707989	1
2077	1163	522	154	138	13.6739130435	171	26	26494	9	172.3941	0.30673438	16	16	0	0	0	3.80756013746	3.05159362785	1.24054982818	0.939549603807	2.735395189	2.61364414686	0.505154639175	0.490523257874	0.274914089347	0.215868967065	0.0343642611684	0.0331833587227	1.02749140893	0.871883893672	0
1125	653	282	94	79	13.2025316456	244	5	2267	9	60.10587	0.6575743	2	2	0	0	0	2.42553191489	1.88863739249	0.531914893617	0.445903123585	4.32978723404	3.73850661436	0.744680851064	0.785875961974	0.957446808511	1.1074895629	0.0	0.0	0.780141843972	0.820079472864	1
1790	1058	400	123	104	15.6923076923	35	7	1648	9	86.6521233172	0.284267103178	9	9	0	0	4	2.80412371134	2.15566656039	0.680412371134	0.552497018221	4.09621993127	2.18970016887	0.340206185567	0.341304424841	0.189003436426	0.163909259456	0.0	0.0	0.601374570447	0.560716099243	0
1494	793	303	172	129	10.3410852713	33	6	8026	9	63.198895	0.6613869	5	5	0	0	0	2.80412371134	2.93808528477	1.06529209622	1.08326543144	3.0206185567	3.08494231292	0.680412371134	1.17965068906	0.604810996564	0.846376400846	0.0	0.0	1.58419243986	1.94230110651	1
1512	863	342	133	109	12.1559633028	78	5	986	9	66.5394539253	0.323608007764	13	13	0	0	2	3.74914089347	2.76456347941	0.426116838488	0.373259645021	2.65635738832	2.49786847109	0.515463917526	0.765224784781	0.436426116838	0.430249997048	0.0	0.0	1.60481099656	3.63292828379	0
1157	709	291	97	81	11.8395061728	92	0	984	9	103.669772817	0.157317346765	5	5	0	0	0	2.50865051903	1.85165407502	0.449826989619	0.506962320853	4.03806228374	3.20683420936	0.792387543253	0.65585900552	0.76124567474	0.801283509537	0.0692041522491	0.0644149375606	1.37024221453	1.25441505729	0
1264	731	303	115	99	9.81818181818	8	0	100	9	0.0	0.0	8	8	0	0	0	2.67010309278	2.13403242758	0.515463917526	0.470518770444	4.0618556701	3.52036466268	0.707903780069	0.433580141944	0.446735395189	0.430982156564	0.0	0.0	1.3264604811	0.95468877316	1
1768	1004	439	114	108	13.6111111111	42	1	833	9	170.94432	0.059310343	15	15	0	0	0	3.80756013746	3.46068185307	0.790378006873	0.609959731227	3.45360824742	3.02190574037	0.446735395189	0.447325846412	0.240549828179	0.211027267037	0.0687285223368	0.0640049125542	1.03092783505	1.12941509902	0
684	332	146	82	61	9.52459016393	330	31	8523	9	0.0	0.0	0	0	0	0	0	4.66917293233	18.7583243824	0.443609022556	0.437560065577	2.16541353383	2.86584883261	0.601503759398	1.03668946803	0.293233082707	0.507999321612	0.0751879699248	0.0695347391034	1.2030075188	1.67132116004	1
761	456	241	81	67	9.64179104478	26	1	661	9	82.74871	0.76632303	11	11	0	0	0	2.60944206009	1.98522720993	0.729613733906	0.608300023946	3.67811158798	2.90217171066	0.772532188841	0.63924551935	0.751072961373	0.698705078377	0.0429184549356	0.0410764611616	1.2017167382	0.986092947006	1
1367	884	391	116	107	11.5420560748	62	6	777	9	120.692835569	0.532274201521	5	5	0	0	0	2.735395189	2.1238530485	0.573883161512	0.410198273521	4.07560137457	2.27614222789	0.790378006873	0.502450372575	0.446735395189	0.476942879749	0.0343642611684	0.0331833587227	1.15463917526	0.807028731357	1
1169	711	304	87	78	13.4102564103	21	3	982	9	90.1480175908	0.631773249367	5	5	0	0	0	2.48797250859	2.87075022732	0.756013745704	0.837991993481	3.16494845361	1.86457410753	0.649484536082	0.598788394091	0.941580756014	1.45246277205	0.103092783505	0.0924646614943	1.78350515464	1.49197576788	1
1599	695	338	102	48	32.125	25	1	520	9	71.43906	0.5074946	6	6	0	0	0	4.83505154639	7.88250020666	0.412371134021	0.470164499711	2.13745704467	2.47512428998	0.309278350515	0.495412193999	0.316151202749	0.348791346347	0.0343642611684	0.0331833587227	1.09621993127	1.3830493263	0
306	181	98	21	18	13.7222222222	18	0	176	9	79.12435	0.49673203	4	4	0	0	0	3.30769230769	2.70836855452	0.43956043956	0.597995411182	3.23076923077	2.30986595822	0.32967032967	0.220987803405	0.626373626374	0.58350440768	0.10989010989	0.0978142736384	0.769230769231	0.539789880449	0
2777	1457	572	187	178	14.095505618	28	4	665	9	161.8133	0.40186915	18	18	0	0	0	2.94845360825	2.01320248934	0.927835051546	0.727955503596	3.85910652921	3.17188035096	0.683848797251	0.937849104285	0.20618556701	0.216931779266	0.0	0.0	1.13058419244	1.34693732951	1
482	267	128	41	26	15.9230769231	357	3	3365	9	44.457531912	0.237852010406	4	4	0	0	0	2.75423728814	2.28303648377	0.254237288136	0.308244757254	3.21186440678	3.40943694341	0.152542372881	0.129273197357	0.940677966102	0.929402470554	0.0	0.0	0.661016949153	0.629704108015	0
1277	788	330	138	107	10.3644859813	196	32	1728	9	127.183114728	0.487749432554	2	2	0	0	4	2.68041237113	2.53157142688	0.769759450172	0.738654479753	3.37800687285	2.87162409513	0.659793814433	0.671201332058	0.487972508591	0.435729384396	0.0687285223368	0.0640049125542	1.31271477663	1.24998523872	0
1523	888	446	136	106	11.5943396226	657	21	17715	9	12.7975784305	0.064791451411	4	4	0	0	4	3.15463917526	1.91788004393	0.824742268041	0.800179497172	3.65979381443	2.76002881402	0.560137457045	0.411331939868	0.302405498282	0.386887259244	0.103092783505	0.099337513728	0.969072164948	0.743590651976	0
270	133	83	31	27	7.77777777778	289	62	11874	9	56.9248122913	0.660077053423	0	0	0	0	0	2.93055555556	1.76832561728	0.569444444444	0.531442901235	3.08333333333	2.07021604938	1.19444444444	1.07330246914	0.138888888889	0.119598765432	0.0	0.0	1.93055555556	1.75597993827	0
755	464	217	55	51	13.1960784314	46	2	624	9	92.5344588597	0.418357003843	0	0	0	0	0	2.10476190476	1.91102040816	0.380952380952	0.408616780045	3.81428571429	2.87131519274	0.747619047619	0.779160997732	1.0	0.956009070295	0.0952380952381	0.0861678004535	1.27142857143	1.24129251701	1
1427	760	378	132	76	16.8289473684	123	2	1503	9	48.9582108386	0.20645782507	7	7	0	0	2	4.01030927835	3.38385233996	0.446735395189	0.400916380298	2.98625429553	2.56742362513	0.103092783505	0.0924646614943	0.178694158076	0.167239404353	0.0	0.0	0.855670103093	0.746283109552	0
1395	868	371	125	111	11.0630630631	138	5	3671	9	118.499784013	0.584035567015	4	4	0	0	0	2.22680412371	1.83502792834	0.879725085911	0.767539353574	4.20618556701	2.97403195522	0.865979381443	0.81021716796	0.474226804124	0.351365713678	0.0343642611684	0.0331833587227	1.26804123711	1.15773313967	1
736	461	245	79	52	12.4615384615	602	42	13263	9	85.8934492576	0.302896311131	2	2	0	0	4	2.70638297872	2.46616568583	0.63829787234	0.58922589407	2.89361702128	1.88429153463	0.71914893617	0.627505658669	0.923404255319	0.95692168402	0.0851063829787	0.077863286555	1.0085106383	0.884925305568	0
3128	1477	518	244	156	17.6858974359	463	42	7796	9	73.9522826224	0.404503995748	21	21	0	0	0	4.20962199313	7.01815047059	0.446735395189	0.432068586814	2.3883161512	2.62949185768	0.309278350515	0.268608070287	0.137457044674	0.176119790744	0.0	0.0	1.78694158076	1.59133689966	1
3654	2394	684	405	337	8.46587537092	1569	144	24872	9	177.271806235	0.354886717365	7	7	0	0	6	2.79725085911	1.70992312325	0.690721649485	0.455663017678	3.58419243986	3.00849068858	0.618556701031	0.600205477026	0.085910652921	0.0820727199726	0.0103092783505	0.0102029971304	1.20274914089	1.04968056589	0
569	353	194	58	50	9.34	115	11	5968	9	71.6345039676	0.72932519001	5	5	0	0	0	2.65591397849	2.22008324662	0.806451612903	0.977916522141	3.47849462366	2.76289166378	0.913978494624	1.23563417736	0.720430107527	0.698462249971	0.0537634408602	0.0508729332871	1.09139784946	1.3885131229	1
352	235	105	14	15	22.0666666667	470	542	24220	9	26.4832663627	0.292811774276	2	2	0	0	0	2.8085106383	3.47894975102	0.531914893617	0.440470801268	2.6170212766	0.875961973744	1.22340425532	1.27987777275	0.585106382979	0.387166138524	0.63829787234	0.663196016297	1.54255319149	1.54244001811	1
1664	990	403	132	124	11.7661290323	48	7	3136	9	69.1687556073	0.23631325076	11	11	0	0	0	2.49140893471	2.40027869298	1.35738831615	1.4069035557	4.15807560137	2.9560113839	0.800687285223	0.750652448601	0.611683848797	0.684120404813	0.0	0.0	0.903780068729	0.847840719878	1
1117	553	267	101	59	17.3728813559	7	0	657	8	65.02973	0.34666666	5	5	0	0	0	3.45173745174	6.34242184821	0.656370656371	0.829534443434	3.0	2.97965146614	0.617760617761	0.676286877059	0.706563706564	0.724735767207	0.0	0.0	1.08108108108	1.08266126027	1
2519	1102	418	153	115	19.5043478261	37	1	327	8	141.61617	0.52272725	29	29	0	0	0	4.29553264605	7.84157012789	0.807560137457	0.986313340655	3.32302405498	3.52806414662	0.213058419244	0.318867278374	0.26116838488	0.219411674402	0.0	0.0	0.384879725086	0.461166023075	1
1034	581	310	105	70	13.1142857143	127	20	26099	8	114.38888559	0.682125367438	1	1	0	0	0	3.56701030928	3.60838913097	0.601374570447	0.603181351189	2.64948453608	1.78639836563	0.587628865979	0.682183724802	0.460481099656	0.519455367792	0.0343642611684	0.0331833587227	1.20618556701	1.16441704751	0
1316	787	344	141	110	10.6818181818	39	2	1654	8	107.325134	0.70020396	1	1	0	0	0	2.27835051546	1.429742209	0.412371134021	0.324984353043	4.0	3.23860133914	0.962199312715	1.10166389155	0.841924398625	0.861397479954	0.0343642611684	0.0331833587227	1.29896907216	1.38505686045	1
1143	646	325	100	83	12.1927710843	100	0	962	8	70.71558	0.312212	4	4	0	0	2	2.72164948454	2.20672878214	0.494845360825	0.513385529221	3.36082474227	2.75693484961	0.60824742268	0.616289368335	0.422680412371	0.381407871896	0.0343642611684	0.0331833587227	1.43298969072	1.51441291435	1
2982	1663	541	265	178	14.9382022472	29	3	335	8	132.24936	0.48405796	12	12	0	0	0	3.87628865979	4.45878060013	0.40206185567	0.43062788583	3.22680412371	2.68728522337	0.549828178694	0.653015434395	0.329896907216	0.342697889727	0.0	0.0	0.996563573883	1.11536235992	1
489	258	155	71	49	8.71428571429	949	9	12324	8	0.0	0.0	1	1	0	0	0	4.11428571429	4.27469387755	1.07142857143	0.966326530612	2.85	2.40505102041	0.642857142857	0.486734693878	0.335714285714	0.278112244898	0.0714285714286	0.0663265306122	0.642857142857	0.486734693878	0
363	191	103	34	18	17.3888888889	28	4	640	8	43.746967	0.42611682	0	0	0	0	0	4.02040816327	2.96563931695	0.102040816327	0.0916284881299	3.31632653061	2.59568929613	0.408163265306	0.384423157018	0.561224489796	0.806018325698	0.0	0.0	0.877551020408	0.674302374011	1
2318	1426	472	264	195	9.67692307692	64	3	1733	8	74.45718	0.21473952	2	2	0	0	0	4.19587628866	4.37297622843	0.518900343643	0.335376294564	3.43986254296	3.08704431927	0.240549828179	0.265159835146	0.103092783505	0.0924646614943	0.0	0.0	1.0	1.3374192558	1
3801	2099	624	301	265	12.6905660377	6	1	154	8	265.54343	0.6307054	25	25	0	0	0	2.9381443299	3.2505048358	0.446735395189	0.414662084765	4.06872852234	2.77705742729	0.621993127148	0.530650322977	0.309278350515	0.302098463646	0.0343642611684	0.0331833587227	1.13745704467	1.05402628689	1
7912	3356	819	1077	752	8.98936170213	9	0	170	8	69.03927	0.007352941	35	35	0	0	0	4.68041237113	8.49267250032	0.20618556701	0.285660301602	3.0	3.54887164771	0.137457044674	0.118562605543	0.103092783505	0.0924646614943	0.0	0.0	1.46048109966	2.30897131588	0
347	190	95	25	18	17.4444444444	43	6	3268	8	1.57107940293	0.0174387869198	1	1	0	0	0	4.28395061728	3.88324950465	0.37037037037	0.294162475232	3.18518518519	3.63999390337	0.246913580247	0.210638622161	0.691358024691	0.920286541686	0.0	0.0	0.592592592593	0.733119951227	0
1613	924	415	155	134	10.3955223881	32	0	593	8	91.55336	0.5700576	4	4	0	0	16	2.92096219931	1.95602319292	0.721649484536	0.715461555721	2.95189003436	2.72764846896	0.649484536082	0.626279803025	0.518900343643	0.509890057982	0.0	0.0	1.43298969072	1.53736965789	1
568	339	200	42	35	14.2857142857	129	28	19062	8	68.244312105	0.571054058108	1	1	0	0	0	2.85492227979	2.96330102822	0.673575129534	0.702569196488	2.83419689119	1.85894923354	0.777202072539	0.693924669119	0.901554404145	1.6580847808	0.0	0.0	1.17098445596	1.03208139816	0
1424	759	289	147	121	10.2479338843	24	4	2202	8	76.11417	0.6195373	0	0	0	0	0	2.24305555556	2.25429205247	0.486111111111	0.542534722222	2.84375	2.81895013503	0.798611111111	0.695553626543	0.53125	0.9248046875	0.0	0.0	2.83680555556	5.96695360725	0
1009	614	263	90	74	11.9459459459	15	2	428	8	72.3834206132	0.559884049401	3	3	0	0	0	2.70075757576	2.88474230946	0.606060606061	0.463613406795	3.40909090909	2.32288797062	0.757575757576	0.706382001837	0.44696969697	0.411788337925	0.0378787878788	0.0364439853076	1.59090909091	1.48312672176	1
1324	808	342	118	93	13.0107526882	97	1	934	8	95.0471777038	0.26524468271	5	5	0	0	0	2.30927835052	1.29093893553	0.378006872852	0.369976736222	4.29896907216	3.28959270675	0.549828178694	0.49493983302	0.838487972509	1.2613691383	0.0	0.0	1.03092783505	0.887164771318	1
7761	4762	1137	699	555	11.7855855856	26	1	297	8	0.0	0.0	28	28	0	0	0	3.82817869416	4.02968788748	1.33333333333	1.33902528312	3.42268041237	2.30651503879	0.213058419244	0.167664529233	0.137457044674	0.128009825108	0.0	0.0	0.591065292096	0.606369787792	1
4681	2837	700	381	304	13.5723684211	30	6	565	8	75.9491709295	0.129667583623	28	28	0	0	0	3.15807560137	2.88404718886	0.731958762887	0.658494821743	4.23367697595	3.21304661022	0.436426116838	0.287195474782	0.26116838488	0.225552367119	0.00687285223368	0.00682561613585	0.745704467354	0.548056825026	1
552	308	150	65	40	11.3	532	9	11593	8	0.0	0.0	5	5	0	0	0	3.68115942029	4.71938668347	0.579710144928	0.481621508087	2.99275362319	1.5436357908	0.36231884058	0.390464188196	0.398550724638	0.427483721907	0.0	0.0	0.507246376812	0.514387733669	0
8979	5437	1405	954	920	8.3902173913	42	5	785	8	121.746404884	0.163168595988	36	36	0	0	0	3.15807560137	2.974409844	0.618556701031	1.03121125164	4.29896907216	2.97230783765	0.910652920962	1.11916486579	0.209621993127	0.178670540027	0.0	0.0	1.25429553265	1.44951051594	1
1579	958	285	125	96	14.5729166667	833	19	14766	8	81.3900895408	0.492437799963	9	9	0	0	0	2.89679715302	2.25485999417	0.313167259786	0.27841592685	4.18505338078	4.11476551715	0.533807829181	0.483732475526	0.523131672598	0.614303263636	0.0	0.0	0.996441281139	1.00761135244	0
235	145	68	14	11	15.9090909091	371	21	4916	8	15.716574135	0.074725922918	1	1	0	0	0	3.01923076923	1.71560650888	0.769230769231	0.44674556213	2.78846153846	3.51590236686	0.961538461538	0.460059171598	0.307692307692	0.257396449704	0.192307692308	0.155325443787	1.15384615385	0.615384615385	0
1050	668	299	113	100	8.61	182	14	3345	8	82.7522297613	0.463308677074	6	6	0	0	0	2.6941580756	2.89949339285	0.773195876289	0.682514377487	3.09621993127	2.94821742776	0.917525773196	1.01725298473	0.59793814433	0.652637545612	0.0343642611684	0.0331833587227	1.44329896907	1.8794770964	0
683	414	138	75	41	15.2195121951	20	1	271	7	65.75776	0.37903225	2	2	0	0	4	3.30827067669	1.59647238397	0.15037593985	0.139069478207	3.94736842105	6.11939623495	0.375939849624	0.354909830968	0.563909774436	1.12680196732	0.0751879699248	0.0695347391034	0.902255639098	0.852620272486	1
1068	616	288	99	87	9.68965517241	27	4	1349	7	76.83946	0.5461285	14	14	0	0	0	2.51071428571	2.41447704082	0.75	0.722704081633	3.72142857143	2.78211734694	0.889285714286	0.827028061224	0.525	0.551160714286	0.0	0.0	1.27857142857	1.19232142857	1
1186	706	321	85	73	14.2465753425	18	4	443	7	106.11196	0.5768262	5	5	0	0	0	3.13745704467	2.80844581429	0.481099656357	0.402546025673	3.05154639175	1.79768779301	0.80412371134	0.514897084352	0.683848797251	0.751431844215	0.137457044674	0.173545423413	1.27835051546	0.964372173215	1
1863	1028	382	108	97	16.9278350515	47	15	1028	7	58.8275839932	0.390650827684	20	20	0	0	10	2.99656357388	2.34638230536	0.893470790378	0.879654231764	3.66666666667	3.21309384632	0.446735395189	0.535822675689	0.340206185567	0.300350728026	0.0687285223368	0.0640049125542	0.797250859107	0.832536224183	1
229	123	85	12	11	19.0	4815	236	95463	7	61.36235	0.924355	0	0	0	0	0	4.95890410959	2.21580033777	0.41095890411	0.317132670295	2.34246575342	1.96096828673	0.13698630137	0.118221054607	0.342465753425	0.3895665228	0.0	0.0	0.835616438356	0.756614749484	0
1205	575	294	92	67	15.1791044776	49	2	1042	7	124.1879	0.46604216	7	7	0	0	0	2.82474226804	3.29155300481	0.512027491409	0.588892431596	3.27835051546	3.05395543274	0.756013745704	0.699920879536	0.666666666667	0.741228847085	0.0	0.0	1.12714776632	1.12126687214	1
1055	612	311	107	83	10.4819277108	348	9	3796	7	69.7811436695	0.441929468763	11	11	0	0	0	2.72508591065	2.20578406018	1.00343642612	0.825332719264	3.10996563574	2.76397302819	0.752577319588	0.681050058455	0.587628865979	0.671177714009	0.0	0.0	1.23367697595	1.19011348473	1
1047	628	287	76	72	12.3333333333	54	8	2058	7	111.822495	0.5571045	4	4	0	0	0	2.0	1.64816008728	0.669014084507	0.613023209681	3.53873239437	2.41265373934	0.985915492958	0.788534021028	1.08098591549	1.5801800238	0.0704225352113	0.0654632017457	1.47887323944	1.22922039278	1
1313	802	372	108	99	11.595959596	280	8	4377	7	73.08706	0.2581067	5	5	0	0	4	3.96219931271	3.83689375421	0.611683848797	0.553465358227	3.3883161512	3.22672146054	0.274914089347	0.384903343135	0.539518900344	0.584712036939	0.0343642611684	0.0331833587227	0.515463917526	0.60967631464	0
1322	791	303	140	120	9.40833333333	25	1	527	7	99.8810365799	0.373064142416	9	9	0	0	0	2.6529209622	2.01093515665	0.831615120275	0.777553406313	4.14089347079	3.86830575926	0.890034364261	0.943234019438	0.59793814433	0.65856567589	0.0	0.0	1.16838487973	1.31894994155	1
2854	1642	489	307	252	9.96825396825	18	3	284	7	182.41602	0.46370968	15	15	0	0	0	3.21649484536	2.46244139772	1.20962199313	1.20196974528	4.20962199313	2.94682396287	0.60824742268	0.492578028129	0.171821305842	0.156469574048	0.0	0.0	0.676975945017	0.556582940683	1
1009	612	304	100	76	12.0	41	2	395	7	123.884315	0.50491804	8	8	0	0	0	1.94845360825	1.59228162162	0.756013745704	0.680294280889	4.12714776632	2.92856721106	1.08591065292	1.15069496109	0.536082474227	0.667091791547	0.0343642611684	0.0331833587227	1.60137457045	1.6968151061	1
1253	758	307	113	78	13.8333333333	302	16	8849	7	86.4572746683	0.652880317945	0	0	0	0	0	2.96219931271	2.83111914125	0.515463917526	0.533224690308	2.72852233677	1.9598729349	0.759450171821	0.966190762981	0.690721649485	0.815082486036	0.0687285223368	0.0663667174455	1.72852233677	1.97548446523	0
227	121	93	25	15	13.6666666667	400	7	21043	7	0.0	0.0	1	1	0	0	0	4.37662337662	4.56704334626	1.03896103896	1.80603811773	2.84415584416	2.38589981447	0.493506493506	0.691516275932	0.12987012987	0.113003879238	0.0	0.0	0.493506493506	0.691516275932	0
549	299	150	50	41	12.0975609756	1381	37	15367	7	69.6535924708	0.664016743631	0	0	0	0	0	2.78231292517	2.05368133648	0.544217687075	0.686195566662	2.17006802721	1.38979129067	1.00680272109	0.795872090333	0.897959183673	1.20662686843	0.0	0.0	1.75510204082	2.48526077098	0
1473	849	336	131	107	12.5140186916	7	0	177	7	168.08646	0.6666667	9	9	0	0	0	3.53951890034	4.35849836445	0.694158075601	0.704668107368	3.12371134021	2.61024314781	0.721649484536	1.02561377405	0.563573883162	0.685395779455	0.0	0.0	1.29209621993	1.58212586058	0
1482	872	299	122	102	12.6862745098	40	4	503	7	68.8980304902	0.310711779216	2	2	0	0	0	3.07560137457	2.35755364249	0.687285223368	0.538302570825	3.74570446735	2.8755210732	0.996563573883	0.731946953862	0.491408934708	0.533909613727	0.0687285223368	0.0640049125542	1.09965635739	0.829135225139	1
1701	1056	309	111	104	14.9903846154	76	12	804	7	92.3272346296	0.495628439651	9	9	0	0	0	2.30927835052	2.48357955149	0.790378006873	0.877835641998	3.58075601375	1.90415795751	0.872852233677	0.860122105313	0.756013745704	0.694677672677	0.0343642611684	0.0331833587227	1.56701030928	1.49358179521	1
3444	1601	440	390	363	8.02479338843	36	7	2471	7	104.318876505	0.255578894862	1	1	0	0	0	1.89003436426	1.62761422279	0.137457044674	0.125648020217	1.45017182131	1.98767137847	0.144329896907	0.164735891168	0.0756013745704	0.07083052869	0.0	0.0	6.00343642612	8.32569289451	0
2634	1504	573	222	188	12.335106383	179	34	9671	7	115.400294344	0.340239122399	5	5	0	0	2	2.5704467354	2.13256810855	0.800687285223	0.623917998134	2.79725085911	1.85711080408	0.996563573883	0.938132520872	0.378006872852	0.333038107722	0.0	0.0	2.01030927835	2.67209881792	0
319	200	111	35	25	10.32	141	3	2903	7	0.0	0.0	1	1	0	0	0	2.36082474227	1.40588797959	0.412371134021	0.366032522053	3.0412371134	3.41290254012	0.79381443299	0.740992666596	0.927835051546	1.48177277075	0.0	0.0	1.57731958763	1.31980019131	0
599	378	209	45	43	11.4418604651	132	16	9106	7	67.0842326938	0.876661669348	3	3	0	0	0	3.05527638191	2.27085174617	0.693467336683	0.743819600515	2.56281407035	2.03262543875	1.18592964824	0.92522916088	0.844221105528	0.827756874826	0.0	0.0	1.58793969849	1.26148329588	1
1163	731	309	102	92	10.3043478261	29	0	1197	7	78.8919848399	0.409747996967	12	12	0	0	0	1.98281786942	2.50228504623	0.989690721649	1.02112634475	4.15120274914	3.24464755967	0.996563573883	1.13744523565	0.60824742268	0.827434725617	0.0343642611684	0.0331833587227	1.37457044674	1.53921186571	1
569	355	165	44	35	13.2857142857	156	5	6968	7	73.5931531199	0.540851291738	0	0	0	0	0	2.61904761905	1.62580406312	0.47619047619	0.501457725948	3.63265306122	2.5394048776	0.47619047619	0.657596371882	0.646258503401	0.85149706141	0.0	0.0	1.38095238095	1.91892267111	0
1545	938	345	179	172	7.1511627907	87	8	2995	7	41.7401066158	0.0790024045341	16	16	0	0	0	2.5910652921	2.56366835536	0.525773195876	0.555402038238	3.2852233677	2.73851277146	0.591065292096	0.612841133194	0.666666666667	0.662864160792	0.0687285223368	0.0640049125542	1.67010309278	1.72799093067	0
209	144	79	16	16	10.375	3625	48	27938	7	0.0	0.0	0	0	0	0	0	2.92647058824	2.26881487889	0.441176470588	0.246539792388	3.69117647059	2.70480103806	0.529411764706	0.425605536332	0.5	0.400519031142	0.0	0.0	1.14705882353	0.881487889273	0
1978	1196	343	166	147	11.6802721088	68	8	958	7	152.967756895	0.461932411352	10	10	0	0	0	2.29553264605	2.30129544998	0.412371134021	0.372669193798	3.59450171821	2.26714375125	0.72852233677	0.713241459123	0.539518900344	0.475124289982	0.0687285223368	0.0640049125542	1.50859106529	1.56996256539	1
4218	2412	758	264	220	17.1136363636	386	22	6817	7	80.6072041725	0.353388966775	6	6	0	0	0	3.00343642612	2.47302228363	0.618556701031	0.563195994379	3.70446735395	2.55516585775	0.371134020619	0.432706274135	0.103092783505	0.0971882712769	0.0	0.0	1.64261168385	2.27564624886	0
300	172	116	35	30	8.1	21	5	5854	7	31.53901893	0.465778163142	3	3	0	0	0	2.79591836735	2.51624323199	0.612244897959	0.608496459808	3.66326530612	3.29289879217	0.785714285714	1.16836734694	0.408163265306	0.324864639733	0.0	0.0	1.74489795918	1.67773844232	0
1094	634	295	103	96	9.92708333333	55	16	2116	7	52.185476658	0.355641900995	10	10	0	0	0	2.54639175258	1.85094649331	0.962199312715	0.841841735454	3.30927835052	1.77140090457	1.01374570447	0.838299028117	0.670103092784	0.599331609216	0.0687285223368	0.0640049125542	1.63573883162	1.3243348567	1
761	484	239	58	48	14.1041666667	539	19	8691	7	65.8609400986	0.668181739658	3	3	0	0	0	2.31718061674	2.14888703449	0.352422907489	0.29629917134	4.47136563877	2.89409846882	0.79295154185	0.736866618797	0.674008810573	0.603698888005	0.0	0.0	1.40969162996	1.28005589086	1
966	567	278	61	59	13.5423728814	419	14	10286	7	70.0133733655	0.451558945125	4	4	0	0	0	2.75	1.90768274221	0.992647058824	0.894301470588	2.87867647059	2.38736753893	0.882352941176	1.15527681661	0.783088235294	0.755879649654	0.0	0.0	1.61764705882	1.81001297578	0
1235	770	354	123	83	12.4698795181	170	23	16499	7	80.0373404895	0.251662698417	5	5	0	0	8	2.89347079038	2.07782147117	1.04810996564	0.841959825699	2.82474226804	1.97668898572	0.714776632302	0.650606393406	0.302405498282	0.331904441374	0.0687285223368	0.0663667174455	1.43986254296	1.49903756451	0
791	478	261	64	61	11.0163934426	141	2	2280	7	55.7074408851	0.387635575334	3	3	0	0	0	2.33073929961	1.59666308347	0.661478599222	0.749776680949	3.77042801556	3.45404169632	1.03891050584	0.979030719617	0.91439688716	1.14206119699	0.0	0.0	1.35019455253	1.29331254069	1
1357	814	351	123	119	9.89075630252	108	2	1105	7	25.2054704403	0.339075758365	3	3	0	0	0	3.25773195876	1.96674578713	0.893470790378	0.791582527367	3.84536082474	2.7658624721	0.591065292096	0.502875497455	0.549828178694	0.746613762237	0.0	0.0	1.04810996564	0.966568651764	1
2035	1236	581	174	148	11.1891891892	84	4	1570	7	76.90553934	0.294961337556	10	10	0	0	0	3.38487972509	2.16133489212	0.831615120275	0.698409324406	3.9587628866	3.36160413788	0.549828178694	0.611778320993	0.240549828179	0.306822073429	0.0	0.0	1.07560137457	1.02703085698	1
747	461	241	66	53	10.4339622642	558	108	9954	7	69.0798821806	0.409427249733	4	4	0	0	0	2.50649350649	1.99771368603	0.593073593074	0.58387211634	2.95238095238	2.07694758344	0.692640692641	0.637131987781	0.692640692641	0.747137422462	0.12987012987	0.138977905212	1.21212121212	1.1255786061	0
756	480	234	67	56	11.1428571429	93	14	3131	7	76.4263612304	0.434126927779	7	7	0	0	0	2.42986425339	1.38375545136	0.83257918552	1.30795847751	3.407239819	2.52234802727	0.723981900452	0.8876149137	0.877828054299	0.878114698716	0.0	0.0	1.25791855204	1.3909215618	0
776	487	247	62	58	11.8103448276	41	0	306	6	61.787197	0.50545454	5	5	0	0	0	2.86075949367	2.52331357154	0.717299578059	0.824369314034	3.94092827004	3.63093521337	0.459915611814	0.628140077267	0.79746835443	0.994249497054	0.0	0.0	0.79746835443	0.885506240097	1
1032	646	345	99	90	9.47777777778	125	8	5780	6	83.59221	0.22962964	8	8	0	0	4	3.26116838488	2.57191105443	0.6735395189	0.720870088922	3.0412371134	1.87168314026	0.824742268041	0.529422184433	0.39175257732	0.520045819015	0.137457044674	0.139181162244	1.18900343643	0.923465712497	0
697	396	174	41	36	17.3611111111	7	1	210	6	77.348595	0.7586207	5	5	0	0	0	2.88095238095	2.35537131519	0.357142857143	0.345804988662	4.41071428571	4.00960175737	0.821428571429	0.62287414966	0.64880952381	0.870996315193	0.0	0.0	1.11904761905	0.855725623583	0
500	276	134	42	33	13.3333333333	2	0	130	6	66.37821	0.7832168	6	6	0	0	0	3.0546875	2.40533447266	0.390625	0.354736328125	4.0078125	4.00775146484	0.703125	0.661865234375	0.890625	1.03100585938	0.0	0.0	1.0625	0.95556640625	0
620	366	221	51	42	12.5238095238	3956	43	54619	6	80.8254937231	0.489385253139	0	0	0	0	0	2.59047619048	2.42544217687	0.571428571429	0.579591836735	3.13333333333	2.52099773243	1.14285714286	1.31247165533	0.690476190476	0.771995464853	0.0	0.0	1.55238095238	1.68126984127	0
1584	930	349	186	133	10.1353383459	12	2	154	6	40.777237	0.5314685	5	5	0	0	0	3.11683848797	2.06405214865	1.21305841924	1.00622335589	4.3470790378	3.40551009081	0.439862542955	0.473187609972	0.161512027491	0.147471097413	0.0	0.0	0.714776632302	0.765295638927	1
783	445	234	68	54	12.9444444444	77	6	1060	6	75.59789	0.39006343	3	3	0	0	6	3.14718614719	2.31322501452	0.484848484848	0.472667303836	2.72294372294	2.3292666929	0.519480519481	0.639230898971	0.584415584416	0.796611757651	0.0	0.0	1.63203463203	1.81848166264	0
2574	1464	564	259	190	11.9315789474	25	1	550	6	152.151198934	0.491792650089	7	7	0	0	2	4.64604810997	4.85631959944	0.522336769759	0.764138354531	2.89003436426	2.80943777235	0.309278350515	0.282353774755	0.0412371134021	0.0395366138803	0.0	0.0	0.927835051546	0.860854264829	1
1447	877	361	149	119	10.6554621849	49	11	2493	6	99.12594	0.57563937	5	5	0	0	0	3.07560137457	2.75131375397	0.443298969072	0.482280558803	3.735395189	2.64434761044	0.446735395189	0.398365631015	0.384879725086	0.420755541385	0.171821305842	0.218325244152	0.893470790378	0.874458261003	0
1346	758	314	130	113	10.5486725664	33	0	287	6	58.9463952604	0.274883804662	13	13	0	0	2	3.27147766323	2.50663076723	0.549828178694	0.749849434938	2.66323024055	2.67113047791	0.53264604811	0.86061808434	0.60824742268	0.634616974292	0.0	0.0	1.77319587629	3.97257944521	0
425	264	157	33	31	11.3548387097	290	49	10716	6	74.40681	0.7898022	2	2	0	0	0	3.21476510067	2.36836178551	0.939597315436	1.02517904599	2.43624161074	1.86820413495	0.523489932886	0.57159587406	0.651006711409	0.660781045899	0.0	0.0	1.39597315436	1.28904103419	1
2016	1128	436	188	156	11.3076923077	27	4	742	6	158.38655	0.34724292	16	16	0	0	0	4.19587628866	5.9456784875	0.927835051546	0.896139629905	3.06529209622	3.47367177997	0.584192439863	0.607172801455	0.164948453608	0.150966568652	0.0343642611684	0.0331833587227	0.955326460481	0.956530980976	1
2901	1544	545	304	240	10.6833333333	63	2	1119	6	124.163284	0.5663532	0	0	0	0	0	5.86941580756	6.63612852942	0.446735395189	0.384619926548	1.79037800687	1.94411969627	0.0	0.0	0.137457044674	0.166885133619	0.0	0.0	0.54295532646	0.468676562629	1
681	405	213	64	57	10.0526315789	737	45	7212	6	96.1195453705	0.846540907692	3	3	0	0	0	2.39024390244	2.48375966686	0.585365853659	0.635336109459	3.59512195122	3.77955978584	0.873170731707	0.969280190363	0.731707317073	0.862819750149	0.0975609756098	0.0880428316478	1.19512195122	1.32892325996	0
1676	944	427	155	108	14.1851851852	38	1	807	6	0.0	0.0	24	24	0	0	0	4.3264604811	4.82467141389	0.80412371134	0.661777730542	3.18213058419	2.12737213779	0.477663230241	0.503796601363	0.274914089347	0.323897922793	0.0	0.0	0.79381443299	0.822734733884	0
